437.98059307058895
407.70468236437705
453.50423131816126
423.1983932099015
460.14494529160373
472.44570484845786
467.0888060822973
452.05068303802653
386.4920556492674
435.36186306267905
470.17962893403586
425.17929451932304
426.3409062155867
492.1746861551438
441.9761805681516
413.7317570153391
418.5286708282765
506.4243932688979
461.97281441571994
457.10527240388774
454.74275042111236
478.94743029464405
501.8037820454477
470.1388629926668
432.8463552991221
456.06627639162207
441.7419749671912
462.31453622167277
439.68904876407777
426.21192783485355
453.8917467356629
444.5485095299175
418.4651222397648
420.7333958091262
468.3866297435218
435.0718684342669
498.27237803938243
473.2361155216749
402.0957353447934
454.0446863867721
430.3075153190087
464.4695422093681
454.2065368800162
425.9791202389965
426.39658861796903
474.8583319306891
436.47735853513376
427.0903636772277
461.16347868796055
475.9027119407561
479.97257698498305
433.2872367396396
458.3847561349553
452.98743947823976
459.1871056587231
434.54026796516973
444.0674215321065
438.31805473022774
467.1533555261512
416.52980480753837
453.7777279462605
468.6372341655288
410.9509115493633
480.13198460433466
454.65318031129016
448.21289634696546
445.37057665250137
445.5814680468465
431.72088151317286
493.0760420477932
416.4402669476062
452.2179104500622
410.9207279948996
424.5067567227179
462.72090970515154
500.13155144499405
431.35052356108105
460.886438413549
485.2726157883621
430.7068234902363
415.43271199271646
488.4762711734571
417.1515475902838
467.76368679537507
431.6105362326307
407.50710084267575
490.26364939015855
427.37415683036045
406.7154238833475
439.0586582367406
402.26237111525046
449.0226800472105
453.6430294930048
447.1431393962792
411.0880977409469
438.26234022119206
448.52958550761406
421.1331940128655
434.57768304103536
467.81712555428834
485.07977302235446
424.1229847862647
440.68860238253853
428.40770673084745
437.8352208848892
485.7511571222424
425.7251303585563
451.0592703157677
425.1123610616862
419.98697219502554
409.72050729358386
435.3832482812158
437.4683040909642
427.0174731668044
441.65284947548326
421.86930497516425
449.2203608533487
459.67817653607267
428.6915166331038
475.53197577551697
433.63404073061054
416.54098421531734
428.8047416838512
409.9214589641164
412.9811734947995
438.12012449334424
493.9963900973211
433.5846411480622
443.66009317227486
428.2015058003314
491.93929788824613
452.3654250793536
438.48477051864194
452.9709065582331
497.7131856665711
482.1038734132686
456.4876505999239
461.4133233411715
475.022562755541
469.2632441751835
444.5084536617718
450.0727059212409
487.8065851278159
488.8886376544501
474.3608261572983
453.31376745713237
477.9427859782624
429.43058966705564
483.90095574705634
427.16330705400225
448.51681216134205
436.0591651304666
480.2780600391748
469.86856367170395
434.27676882884305
426.2098193356634
437.27446047935956
494.1830027609387
438.9745882848608
422.60495287324306
406.1265344409918
418.6631276917421
471.4451497346115
487.099222450808
484.6979925755284
459.87274442753073
415.38228556357495
447.7200616475928
407.4907643758923
480.9312473645419
428.2331114566334
422.524170702209
478.0975727393125
462.81109867092937
416.3159283817763
410.07778239542813
451.26361865779904
472.59170534940216
420.6118597649292
434.7409108974292
439.3202868328116
412.4503278818088
435.4348769356817
439.9134250379525
501.8446170610694
410.7552452936729
495.41367183769614
421.45636590038436
430.26449167717135
463.2629416407141
459.6239895324893
427.27003700436836
451.729479520319
472.31805122001435
431.9214524181728
461.43747671305636
467.96738800416193
443.3399780423931
431.8804725136383
433.3585074793669
446.17480045693975
437.6875020271205
523.1372146409107
428.0814253733902
493.0391022708809
424.6624489636326
453.7953254051461
426.2427724734174
439.9583997164621
470.6954081707272
447.0923171767046
464.7243428769796
419.79093995286354
485.6198794376877
432.5083533064813
533.5763066535546
441.14463596893427
435.1165460474357
408.258399359851
494.1391894756957
462.69933990451193
456.23874058224914
431.95278926550543
435.9287682776558
421.85081166469047
437.57842183574115
439.7179264892397
420.5297481095143
467.5799716243315
407.4242447064455
463.29053008938104
421.0450620696706
472.81379151068006
496.073220085159
437.1096815438975
484.5407680901715
462.0501007421814
421.552944012107
438.01123053951164
455.4016677419978
415.35950165083943
488.51624903240656
472.6743558646722
442.184148128191
446.33666700904223
478.95968323983203
427.7591773828811
462.21104698624174
447.2701481504091
456.33246520748895
456.57112869870593
460.64347886996256
483.20380817313963
413.87852734202266
482.4766976814911
412.5416105682077
445.29462014579406
465.35273898497593
446.4915237267398
510.35188636817327
442.02434256518194
463.06155567068794
483.5491148581121
422.84485095345053
441.031422546653
470.910362954898
429.3506736318953
429.9194923204913
433.72651463336575
428.336248740994
439.56043956043953
406.7554710657508
431.9453565563302
458.42319069544044
451.51715472086613
430.2380679232322
437.088581182635
442.7614403786269
540.7530070766145
410.00944448768206
443.70713508156655
451.0506500711013
510.9665092635053
413.5636520799611
454.54836003923333
462.3800614093982
493.6975862942998
475.26973505079485
448.40242623079473
446.1073471260853
399.9110193437518
414.4451598736737
448.45300113436224
428.10962338476435
447.92653768602463
412.2751844094015
423.8525685696916
436.61448473613865
423.4708149207744
443.64985411179504
421.9460670455039
431.5710581064083
459.6766378842724
446.1167381973596
427.8195120113183
472.8918545347958
462.94406469430965
455.3326909003003
434.2694084926574
460.8627867768627
451.72123573672786
447.93974314575206
452.48626374924964
474.38541181931436
474.99072433843946
525.4536225549504
462.3403375691893
483.39289075540404
423.3913832952248
497.21804151520183
425.55498234264934
433.4672316074651
436.34891589855613
467.23278917242783
448.091247672253
410.567373127031
425.4212501190733
427.3602807633997
425.71711355238904
439.6331581835057
477.46187021041396
437.5849097704334
417.84008605299624
439.0378060059604
505.1113020338899
450.76488440057034
475.02103811893437
452.15852343660646
484.36152900212375
523.4264962794388
446.21243672060683
438.4919731199935
455.3795949087426
486.81304658174554
466.8203650512554
423.89878434155247
457.8329909692873
429.6090484012284
498.97994801137696
422.8009176670794
418.3368885788884
437.4304257794662
437.0567781758926
420.19405199393566
451.1255986109885
443.4206791598638
463.96218888925
463.8114472306675
427.5541384597543
424.90544089823646
452.5805403916117
438.08584024636593
418.41399547394604
461.1801333312106
423.5948737087505
421.67808740351586
461.335866922607
493.07080252559393
426.15844620038484
437.7940937404029
430.5612473499519
431.2888951825122
462.13477208585806
423.638510554779
461.0079719279675
416.72511642325605
418.7948639754039
459.5667345636541
457.08723496893936
423.82585596640484
447.33221336258157
398.56869839433085
469.40115468804686
425.00302224371376
446.3113189118042
475.91764808997243
431.5259302227645
427.05618331736093
479.1493258961232
434.48763305436114
470.3078116957892
434.78277858991703
487.22562242035144
417.9509192473583
506.36737498373776
453.3279503501145
414.9343884971679
429.99304330313606
443.58282513233644
418.785832035577
445.70129816037627
423.0239083213731
420.545374601342
470.6386631645588
457.304699453635
460.5156708917349
437.55258924526004
450.97025875362306
465.3076456125725
468.0150602572336
429.54155454704505
461.6220681120397
522.4921788405321
449.6928899790109
439.064003574003
465.86277685864087
512.2611185628264
495.58722750070604
419.9425841948882
429.0443703897147
415.25274623325345
457.63875776962453
487.8378227745515
438.4465693985192
488.9547490239328
413.46663371147093
430.9021794334075
444.1889559086332
439.4277150817865
439.1987548428323
456.25012228414596
435.76998645989875
450.1939425354181
441.0773919738352
442.8961896837747
449.18339840273137
437.56646385580206
481.57030729543175
424.71133773438436
431.15821537945203
449.9617929548099
437.41631125176116
418.92547361540454
473.4710403783746
429.19043717968043
426.0102549188563
428.30170676352856
417.75254345595494
427.16266768927557
454.6836840907314
437.46561463531486
492.4419395564452
430.368390613042
537.14405881823
410.1993552551794
420.1257631689844
452.66010831423677
514.2500707045002
478.5966150646752
488.9973275108204
457.645230302174
420.841012144419
438.47703726546877
432.6498622987867
439.7896705900401
440.68624120528665
471.698252088383
418.0798412145059
478.97125277349943
430.1348484566803
479.04176556337757
451.9578779965602
480.6053095813197
491.920350628655
446.7486904242735
446.50761244014853
478.3625610445553
439.8018457076955
411.9511048161038
412.5150360643445
464.2737565372175
429.8812824218417
427.10478609691967
430.8918248595393
429.68498231455686
426.8525432715299
418.8839702768134
465.56908219170066
421.0478034873881
469.4289926345945
435.05797786042876
417.08320276955595
477.55557260054036
434.242277425469
454.28336870858567
431.9048904150336
440.1644510981873
423.0992243839036
426.5230860709533
444.13769782738456
