94.42544370837904
101.25138167865543
92.93295955696998
97.73911906021576
115.89907116699034
119.9821081080625
111.39869478087661
112.76688397471705
89.66357058790577
94.02141884610486
114.09617551276376
106.03987545970065
93.59925733243824
88.65798326627397
96.61985148174674
121.1161052574531
103.60197865337739
96.47252382493134
113.71513015988842
111.46115166795849
84.24405948227948
113.71063921837157
107.57917101642428
98.07431333430519
106.69545360299031
120.59095597977895
115.72809211324899
107.08286799326062
106.15505079096975
117.62367945736675
113.82149111689208
96.50516711755321
89.65657476940967
106.83265295523962
114.30829487494273
116.78368391795247
84.7391069707583
107.35363450202662
99.80261135296796
112.71062028684608
85.7013362423795
95.99502036013172
120.86340140579426
110.87157376039424
104.3991586993797
101.37313287584757
119.12873084849866
110.32481279759757
103.67709063233298
118.97099606087012
106.98961362662502
118.23785299633849
90.26418686327851
119.19676824119996
101.88884840551023
89.46852801660287
93.69703167496058
116.50906004093015
106.26361457278942
107.23902190781514
89.79323237848284
119.41596141106385
86.56395659104034
109.9573854044121
90.67396474237218
102.86811046804816
109.03097014106619
89.23397898431874
114.94551898065099
108.01153906910339
94.85755526576325
109.70445741067394
86.4362801041519
98.8938572230425
107.89150655691982
94.53478869481388
94.91082045093096
103.93233446521245
112.00202879796166
109.07973517919363
105.70772251170293
88.52723371688683
85.517851874902
96.5051671175531
111.23087671052085
115.84681548674294
96.14841469292007
93.91070268903826
112.40937696540787
104.22854990063827
100.67947599520947
96.52489441986393
90.42586306827977
103.01950159165126
113.05411934952087
84.88542736062267
115.2470392315327
119.40243905103542
113.83348195070535
115.15720004690068
119.14180930246397
110.05629746469646
98.41570986714696
97.90996929098323
119.069078256498
115.39444509499505
114.79247386103634
96.0896631865128
117.57863197202329
93.61439564730495
116.62909403462218
107.89291035236522
91.33874945592453
102.31590051336157
107.11351322781913
121.33038361195912
117.95123002580797
111.87177088118914
101.16039401973462
108.14298311304724
107.82803956746645
112.75058818223489
106.94790465477628
102.50716582037501
90.21870510928838
87.49918225626492
106.91455291735782
103.34142493211034
116.2480615800855
117.11345273906518
118.39360887620589
108.37133032406038
105.29203847651831
117.00473688358893
102.22930556000597
118.17353931966035
102.49422014127903
89.71663835770683
88.97823851483412
104.57036960630843
118.61613455322274
102.92420452611393
120.25811881935067
98.980528674125
114.8535495718623
101.71229567579437
118.02282266333238
98.34319432463187
84.98050367627785
96.0896631865128
119.17602096359177
93.105465293399
98.41319753186859
90.23029025831181
108.33153976471883
90.60506971607089
102.74968603451762
94.98090394535133
112.39461791219722
112.64700690416916
116.22380919572454
90.43889781288489
115.31918216509628
104.44191876104009
117.03419739247806
90.9278110583644
105.77323046076476
116.9687085975355
88.83117180056773
96.38948713454097
86.68797901377165
112.19713944043241
110.8626192689664
113.24478877723541
108.91921280454268
97.47423014886868
110.2446652199344
110.70216739622214
117.08267061018442
104.84667746121468
101.93751502162563
121.2094016134521
87.54500283428759
105.77460086435194
91.4414440615727
104.5797014686856
100.0211408320395
117.80707677790173
116.34336881461364
120.14550277181078
96.00902345170987
98.27907056098134
116.36184603672838
107.31447624765403
101.68282298878549
92.52486044867831
95.73975729052815
106.80075145008723
94.73743319432005
94.12383585482803
95.21827664614223
105.0689685445157
105.9932888047317
86.83144410675983
117.50352020962627
112.26214139864605
108.65460487873645
116.94418673902875
89.72892501626845
97.06784512913563
88.25850840364913
118.66202306278831
103.70616271920912
117.281567681865
116.11827173786827
89.68497192952549
101.52582547802893
119.39329105218911
117.25071066588411
114.92984582082816
114.33936304081716
109.17167206836731
115.35528045612733
101.28553998817132
107.4740114406087
115.31613634857689
84.73229932830932
95.69237233707784
112.40529151656634
113.20042117417327
112.56683383935885
101.83760401669745
93.73163667646415
86.0445968415354
120.75150163951183
91.36666422468498
99.22776928213074
96.59271962231767
107.7618932393127
111.59706403342315
91.80184041408695
116.23516518985046
112.48823123837555
113.66147627325586
94.90240093296569
118.9651931637841
84.66270933323115
116.33507293045703
106.19356254623858
108.22235404215063
94.01785049025493
94.84258160031777
116.08025268067959
116.81897678258258
100.63053492242072
87.14146485990724
115.02242077441555
117.11655717922281
87.82319785101383
85.38932079598005
116.08178799159907
116.28249719199808
116.20879187269632
106.55716895038705
96.43131776432328
116.12172033554509
112.86101256078933
117.62211898561156
113.0935431880367
97.59708653177287
95.61409190571142
116.91657769676782
117.1697470080292
92.87060638131649
95.34969979147031
106.33237486512098
121.25981085846237
119.32734578544009
91.36321516788857
113.86133518057059
109.19332340402033
115.84987855612259
102.05700362237805
120.30787298009234
115.2328183066538
107.91250454131801
110.30296486403262
98.72719577853489
97.63982957460895
94.96774868874606
91.70969539093646
86.79780744147445
111.22796273342487
115.25617024125701
116.81897678258258
112.01263366734884
101.46345987900033
118.8201528484842
104.02783673527694
119.87146710017326
111.97494977859868
92.71562256870641
114.37195304885749
94.34293866904223
110.90981167009822
112.87325212402119
106.34202915737319
112.29523697285272
92.79736627201781
92.52602752773396
108.0015536514409
103.4689946633057
120.36501686381429
115.76898798942928
103.31005548206502
113.95891858684219
91.67055056964605
103.66389676734501
92.68438834379087
105.32849852118807
114.31130814223864
110.72558475691208
100.96427189930834
107.16649190657886
107.4740114406087
115.18257065717705
119.51570824071558
104.2152386272045
117.64309125260884
107.36340178791298
98.0971141612598
117.67100029249869
111.36748788011731
106.85623956573122
107.28231370109263
106.16055632999901
91.88568065316859
103.80131993286598
115.57126449212772
106.23198797745766
113.16242664461795
108.31743354445385
117.06715557379486
119.43677498611723
93.74159587951138
91.76112433608013
110.85536414683328
121.17087317815337
110.67441359986418
119.1432626412783
91.60583148843584
96.82513961469938
98.03123960522286
115.53353093564115
117.27002419866936
114.31130814223845
110.56834895572001
120.48378770955806
99.19099821852971
110.46702342949614
107.76329498356993
109.38049621456486
113.8259873835275
105.11888236839755
119.01566556508719
110.41125662836082
93.31684613181072
102.96730235870938
110.21522124251459
86.8231165490626
116.49919906800639
110.021394271346
86.20891800221514
116.53650230926341
102.61479283659216
93.40894545296408
109.81626823189237
90.56497467185248
119.08979619150048
97.65549862601674
119.22518730111364
91.11073333134574
106.82016775125464
91.7338464201952
96.01024295459885
91.71617004483655
91.76841106875526
116.68254344820352
117.86929760225587
105.0500411839928
120.6086515600983
88.90770009747364
86.63460191967248
94.95274784404383
100.04599741051659
113.23396745775294
93.31566726364653
112.39461791219722
91.28591985686379
112.09804443715937
105.20948707314423
94.68847305856119
110.27370392788644
87.76535289291496
110.57413469387174
117.30555537781977
95.33764993964078
85.33844721306035
111.98995701214614
102.12470447663654
95.62561493790331
102.51987005948224
92.01131667165993
91.26575290396156
84.61603203651171
97.32344789253459
120.92980833512183
103.06266399700003
85.86219382502748
87.23439227306305
112.20777779432574
110.81400923800999
97.44206460246471
116.29847931294924
110.77413116890753
120.28596882457106
87.39625396542459
90.8360133780344
119.95005999202293
114.2716811296526
90.21870510928834
102.01714849529066
118.15098435523436
99.93806275468565
94.43792303419931
112.6847277236058
103.38880758145315
111.8670593562043
108.99076669307118
89.6500430839918
92.84121440950491
86.11848674630612
104.40185631720635
99.68530971385584
95.22310687374043
87.24388107649564
110.78017182183693
84.38891937687235
102.73956809569789
104.33244729178108
98.01096546681659
111.85972352270532
86.26303569255312
110.00088000703994
114.60202281425889
99.00115806604639
120.45151620233116
95.04633890647128
99.19691157329535
99.06859236896985
94.53119717494968
110.68431360902669
98.8194871839074
107.88301871593842
115.01280165091524
108.90049821977928
114.89244587390759
115.65345406268901
99.62993517261263
106.64425586104406
114.50095625647103
113.34404995601217
85.78170121905937
86.33601433910408
111.51022431966946
110.74176309477724
103.93501755934874
100.70495374915212
115.58861109618088
100.30247579336539
85.42514876644051
118.49990671835468
108.38977564392137
117.92461047491075
121.1058579576305
120.98742613438696
116.40677421285713
98.23208150833752
96.3845861818457
101.9233792309281
90.76662512706862
118.78900515695791
113.93552367136719
96.53782968448937
117.3960161970217
94.63302345267854
97.76626887744445
120.20693030030351
91.44753128614022
116.31446514445412
