106.2776803371879
105.89485773648276
104.51835459889907
103.95800684568721
105.97178434340498
100.62611423251835
103.49045024817934
132.4031458650432
102.17906770146593
102.56512794973821
134.01667678753162
101.1038176521982
122.92702843733522
100.23615714559956
118.67719400268254
98.0637522606511
124.32837060692857
104.14867159750129
128.73097774524618
120.17468100006467
106.77381393729738
98.98739494512776
103.21153117696066
99.6384122021184
124.64714753274907
118.47699971000068
134.854639693494
100.99684240513403
130.51269301195893
104.23772262339654
135.39744772979998
129.6758266428711
116.34719406278579
98.28303703876672
100.85098750880296
122.30144298191375
116.105074776022
100.07133645868754
106.55110198721552
102.53064268071033
99.42219448471317
105.77281077205691
105.05812406375152
104.02988936342466
100.81573101171499
103.22690901859814
117.3497038778014
95.8289264328446
104.65211804549604
103.75668529083438
99.50492092980275
104.3119621500883
101.42493764601019
97.5340207531116
95.60428863456215
100.0433695586081
111.15893415478295
123.92436654069746
100.65298778328932
106.08626606181566
105.25550071094241
102.58398807563717
104.2723616098304
102.81880079161135
103.41426423970937
99.30342708314113
118.88343639014204
125.12767003678702
100.89360934757282
122.59241271471288
97.51254798116008
95.71386774301239
99.04305277700391
96.55453198811419
105.1005728401623
94.97425949808675
102.43799849602398
98.91233226894421
102.10332435635412
103.52135103749394
95.54539247472823
99.58683534463523
95.56703434414797
117.85782011868802
106.60969444595473
131.4447180977426
104.34298135572334
100.41339599242501
103.74729681964297
98.85671016431807
128.81991951940392
125.15028843045647
118.79352432740174
126.86392149632839
104.36951074356524
105.15740928948594
99.97795788992028
101.95160866894518
113.88365902150245
104.48253173965598
106.3666636819536
98.9801067306989
101.05331106979197
105.92143851841449
106.54755941010183
135.64820753800862
122.11479749565751
95.6757008512322
127.23335675063258
102.13637969013442
101.51860449942158
98.63673139841228
105.98509302002519
106.19390698219043
103.70713257654639
100.09508919729328
102.91704217959341
93.61445956006564
103.71398524005434
104.96559883705093
131.4962604435973
103.81742328175575
131.85950962617127
135.6999704248082
104.5147932197977
104.86142435666508
103.3693133721551
100.97147563462649
103.94581462177413
104.46118698170504
103.17274359011493
99.81357470816583
128.2018107217919
104.96986172129273
98.68263381253318
129.5243625199451
95.6482983086855
113.20328389142176
101.86948604154797
129.7852040714234
105.68426685698515
127.50838700905143
100.71863355457157
100.17082996746063
103.82834728459424
103.6811994142769
104.84030200996338
101.32090230935543
126.67503988680319
125.15650631483604
97.93924016729241
97.25576645648614
104.19315210767553
105.6487463315577
104.69658281894093
102.42866910162356
101.02187027444113
114.94266826025735
116.03278405048383
117.93282993615529
102.04808075726392
105.91293629269515
105.96909034166002
97.43394421463806
99.37195793359166
128.34893635700155
102.08685116201138
103.52710899701069
115.78446174049697
100.02707854261094
101.73724502849623
103.88705619616817
104.23474498448462
116.20649905446204
105.66331500808141
106.03621261976494
126.14770375456413
101.92596812701377
114.40028929545157
115.99491553511253
104.36376307983673
100.46853577772472
99.67539787955273
106.56526160360274
97.33851202566758
100.77159948515086
135.01241233544337
101.76942895362878
98.35442515832277
95.85729323897733
94.25208428520406
99.80869307378262
103.54155996433275
131.90984331556936
98.54058445667341
93.18126563038967
106.72989216108688
120.68704656036587
126.94673466772397
128.2572344506031
101.13893357614336
97.53832552365371
105.64193520002921
102.2517698851802
100.39116937472053
106.24163716001948
104.62987182840702
116.43415016799895
96.50257382416729
105.37690851402061
102.99467954453878
127.41588973058249
111.90628154119868
105.803674188887
100.6482951122385
114.97689976024424
96.90422530722776
126.29848597680663
106.19122032711284
98.4093397620477
103.19811062084584
102.72471748883605
102.74768721377814
96.62131723183012
104.60737061789914
121.39470732392707
129.92584177451835
98.37157043728617
94.9132268953398
104.37897310258248
123.98731808115744
106.37415578961681
101.11418421771309
103.4813780086206
106.17038809427132
102.83878039189811
105.2102524075255
103.25734553134617
103.18277066289785
98.26390508699335
136.86999338259955
111.81768271856882
102.41985847810163
97.32281165602872
105.9261253547421
134.24631676923636
98.02572768396392
95.97883277005191
130.80999116247716
131.8170900785385
100.5808314422996
98.74037083467269
136.76238438326283
104.36233836448004
104.80688604743489
130.39390386213935
121.56408417571649
99.45318454182579
102.86043719641778
105.18488714166298
102.82311975510807
123.63654067844035
99.2015090172818
96.659472077598
103.15030540239698
125.40029436465083
106.25186582200446
135.207078090538
101.759874848922
103.02440029506334
121.31586644153923
94.45631269075885
102.69554115358366
100.54330325806393
103.83979502024451
96.93386579791199
94.41149983044937
104.58162637335334
97.87913972313666
98.84164949989781
98.4728367466708
101.8969200104315
130.31649540749254
106.43040778888707
104.08477820834807
100.7647311532406
106.49392190781347
103.9928611842008
106.27347270880115
99.32206296288892
121.43585758002631
116.51359957326379
106.07848638986498
129.32804381634125
101.0820888664716
98.14923555575622
96.84977282002589
104.58972461948099
95.06041534012058
114.8035408751747
103.78367117722551
104.65724751439032
95.31797619525
94.09378374083524
96.08049507416095
99.99979899030306
96.14026760162805
106.52911627173668
96.69583884486897
100.42036675566943
102.2391180110124
102.78755568194612
131.7290318008374
123.18654773333989
106.38831700243117
105.51565050760908
131.90432543991574
101.08841204004355
104.21517170706822
99.07466960624224
129.81887900135223
102.55897381852775
116.43687044635035
138.19942372687902
118.50885489948988
136.09687626100492
96.77796580780705
124.75282071514695
94.13822255311334
133.4621812281585
102.18334231486632
97.25218805266607
126.90106251721626
105.71998965097426
103.20713998253365
98.24139980459228
124.1212630663228
126.79620561509381
97.10234608610544
129.58625310386827
106.64891511633468
99.82954558861402
102.82547688352928
99.99343376451628
100.98762325271647
102.87984255954748
131.56400950265308
101.54930387952187
101.99593225540936
123.69079582576512
125.06958784224084
103.36526286303182
103.26070608043669
105.76828170795278
102.29252742857871
106.21246354981365
102.65995521506123
105.91956016036036
131.22689668467075
104.1810951564077
105.6450470480611
101.62111076955127
135.49739257440282
99.19158259027796
119.58645536084268
103.43907335140541
103.25859160960265
126.90437317084667
129.3049201771096
105.57143870297323
95.41658837226448
104.96414234053759
102.23711221424618
124.85381698927506
94.35149933694676
105.19093182127855
104.18443798417908
126.36991957525356
96.49472882557868
133.1221365428428
103.95126693205368
95.47236185628171
104.39373622398111
101.1003532676118
105.27673781035536
105.7895817009414
125.10969383374659
101.48040303864606
103.41021506786495
133.95199291278672
106.35138815552239
106.45818641005877
124.698272690863
97.51811520887651
99.43170449575372
101.48952862246578
105.73188685419349
129.8329182535592
130.00865099231805
130.43057016526149
134.62319364319814
101.96502713121347
105.45329478234274
131.11046440322727
97.76244766042976
102.52676633083908
106.34903468511979
100.93667398243466
116.0774897337441
98.0977962842847
116.65253359360992
103.14361688564149
103.44683779428581
105.78043603657387
99.18692718704216
95.34654060716703
93.301163092299
92.74612855175509
95.49182146308894
100.33637541821732
106.0449402496479
104.9586405705982
106.50377398543682
93.69797433284558
96.36532374567481
103.40686125205788
100.30237658490057
105.38915424245641
105.9429860383225
101.71245477561837
97.15519386170747
133.85098932546586
104.33610882576532
96.23304657740454
103.15998372651264
132.93319956869703
95.88170846996569
104.46040109312008
106.09313873247582
125.04599798089356
104.48512422067562
101.33609336002155
105.0343405001977
102.8764078673762
128.21320653373556
99.5731849488367
98.96816330267787
120.5854714041806
122.63629686546076
93.8875117427283
105.73001789468543
105.45807803385138
104.27392760782575
106.25550822282597
97.98201584636423
105.13711269376047
103.73004805078371
126.55313582295346
92.90137235596363
98.17967993387128
101.67106563477292
103.94769279650109
103.95102489213619
105.7751389492344
104.29041936378543
100.64583568628987
100.07978823207793
96.04515169895137
116.53971342354758
116.09770024651394
106.52066750304758
95.83594976366636
105.82613945409521
138.4438398602781
104.14106970340617
108.78045363189646
103.24796994545481
137.02586093603213
127.55262073209227
132.0449903691186
127.42822396766113
99.78311007127057
103.57655886654253
123.0692956493409
118.74403601894508
124.08710666713822
100.3066661011327
93.8156021589391
100.02707854261085
106.25801765042257
104.73182927159898
99.71895773020145
122.94477721575076
92.80048559963187
105.35042652516877
98.7931000803294
98.47277736544027
105.93228287644793
129.39143959410075
98.97591050058328
