92.99608640765173
98.5465029132866
101.05821579484481
92.37588857572105
96.12068610421422
114.61226895165096
102.4150047789011
107.31073456701745
101.46697545253791
119.77405821658023
109.73217074703183
104.85849941291156
85.75367560717585
118.251939521504
113.08052263555918
96.52459820429434
97.0750179265199
148.0855677301507
102.52912050981264
112.76080260234848
82.80669446656353
121.53224719522082
135.59899196695554
124.53887782228864
94.71835806694521
96.98816052298858
107.45927469874091
91.23318864348612
100.97572061109464
92.35023058161326
98.7735123362131
93.72290822184206
107.33288339171791
106.07076894383421
122.71529911156928
104.6627086031852
143.51548205553667
114.66404168939935
102.15850129846282
111.03325698394961
103.0294589582282
101.38859230094197
121.92213493283934
107.38415931441192
97.75876128491134
111.14813959612427
108.92071552196444
94.00357929960634
134.31139925347134
100.30847592031195
117.56347438500995
87.25076580790322
122.42996001804795
100.52731220833611
129.82067565190334
107.69701115216003
88.3582396468241
109.26100424446041
122.55920283572573
102.35044594192635
90.02047032760541
118.70701470613723
98.2447624237899
117.23626389790806
110.58274279449265
103.29312891459583
95.70119268807646
98.38818023435563
111.16962956889802
116.19155023168528
85.85297774341156
103.86266551327174
98.939737042914
108.32107390431692
113.77044433157653
125.99045679558161
108.05784041494205
99.5212430078598
119.07408601352208
97.78560062582784
92.02797650485759
140.25813431433022
85.03335100790177
106.93714895450472
105.22034982609686
90.30090957821916
116.53119689910056
107.43159131665126
95.20036264991488
107.61354367155887
95.80107574326385
102.65920661246942
105.19321573090421
112.04783034401136
98.22696361901453
101.79570633576711
96.99815368056042
90.26241911051264
108.60092475497464
138.20596317343205
135.6873080230178
95.50204469877688
98.21116266264366
92.37469130524251
109.66010029462942
126.35271892744358
102.03231243035276
109.90374721405439
105.9324028858812
98.2200103428645
95.27159747930982
104.3108415030585
107.76697030729004
102.05092201848346
102.63648773792045
108.40765273605848
97.73317404635833
117.56570775461847
110.56065554115226
132.56819044588732
106.56306039034409
99.16272106713521
95.8391435814129
87.52289635436507
85.0363888746018
89.1119409377074
144.29657318913542
88.60038845046338
96.49724127789571
106.32431540206557
117.82591394026657
110.99949261879641
88.35795575033556
106.15889686751635
134.1971117121638
112.23646877132492
107.55529605516658
101.76383869481755
111.77080346780765
102.94375090540451
104.52631613331033
118.84505832118674
116.46769325950223
126.30179426797562
113.33059445339622
111.79732838263142
108.47028930844955
87.45969360388654
118.98969463247387
87.539125603145
90.79218196829926
101.43333472991998
118.07748509489376
117.25805897516993
100.22613750060253
105.7560926084952
100.99394272633778
111.96275182458561
105.8184725362155
94.63157918885267
85.5037798500497
110.96133385879683
112.93866597087315
130.2239245961806
137.92867446031642
120.11832572350994
92.824654228163
101.31597555291559
89.47709176789631
116.2986331809307
89.20189925440185
104.74165207677402
115.61251655788006
108.0022594072668
98.13175233498454
90.05766269336343
100.79724717219935
115.28343554721377
87.78476439870053
95.54557205663782
110.7324714914345
93.68169032324725
111.50645216880022
97.76434821514468
115.42390212939495
84.79490161866173
130.28868676288084
91.69073038946438
88.52045756460556
104.7687240140246
105.32430534524674
96.44546230127713
113.92528663705689
121.39375837879037
87.86288873736974
129.04907228821625
129.96802645750435
94.60719629638618
107.58675730905283
101.46555717755206
102.58647470540461
86.96334796092863
144.71449982087594
84.10720843072706
111.2019972148281
88.75952782427235
124.2718016056272
107.301599494951
86.37735305160771
107.67486390420626
90.6414007643256
108.33344166677529
106.88136621246714
118.74496855865777
107.59788440387565
148.65857805395356
84.9077992383185
104.69892088249978
102.09901589633336
118.28205423956217
128.68889784470468
124.07851399601138
99.48932093876782
86.51839668197216
94.62759669550574
106.36343975609228
87.2926970715367
96.14124232271213
110.79769837053718
88.04194494341006
103.04056751247464
107.10089654160474
112.84919735033785
137.77449009205358
106.29989980026508
108.2491764667126
99.261196657343
89.92389525224715
92.11227313757453
110.6059714052394
100.54954898956859
123.9345906580179
119.5900240886562
109.74004868717006
103.57282258707964
136.15301616358823
106.65700907200825
95.36221335581611
105.63712342046092
99.79215411101937
88.47046861702218
111.64835755682884
111.76337458333208
108.98923984463858
114.13387127509013
86.4136962880532
99.472281960714
116.41188802010308
109.36528942902446
137.30980018116148
92.27382093251462
114.69458369443366
136.2030793090467
99.51557851922749
95.17574070736518
132.8657699653154
84.67010147439699
112.58368838111004
97.37443555469942
107.30616371075448
106.24548124687585
103.04866911355724
99.27955185852097
113.87556702915154
101.25932268981505
97.7889479316278
116.78730094130124
82.37940972486842
152.7858125903218
93.64513641683074
94.72154706808409
92.88440083504636
146.52239312094235
91.50629558430883
125.57394427416499
118.17719166413558
123.67001541271293
119.43662936295799
117.55336146045681
91.13580358261756
95.049125780625
99.68090154830759
88.65904353081926
102.2255449826764
105.60408082329394
97.83314264023285
91.1965024375058
97.07579252070295
93.3425793086699
96.81914110116503
102.39774587601295
108.80389804581853
110.89594534649926
97.45421342651896
104.47209833198794
101.43797941692739
129.85561067392817
111.03985290561901
105.70677737561698
114.81577497945132
113.62376955813875
95.87826365917219
94.53319433116874
99.95944448447453
115.9797372693169
138.60622853993843
114.36532255098685
115.5256677816819
83.10006766611887
144.4622200058377
90.58230836935239
99.30013266497743
94.34525141331385
124.69683083004446
115.73917403479189
87.2314891845801
95.77325779891578
92.15618882216647
98.76512973139614
91.11169520763555
128.01663676280464
91.34697393166697
89.59045935353424
90.48575012812535
141.1222894397308
90.64937139402396
133.41614271165778
108.0353209696241
111.60609101402332
146.98980428885687
108.98019062121435
93.93804332483299
99.41005629267646
113.26790361395666
114.3916751127969
88.15443104801618
119.19027415453377
90.86604093190235
121.3604567886233
95.35248702696077
90.54720043915714
109.54854315044078
100.4058513538276
110.62676732022594
97.29962196934646
107.69607404242163
128.98386831005013
117.74876735533152
103.26802958256134
102.42002377261862
91.85598138037231
97.5492866385098
94.8320462197983
131.17402953599714
101.9140548121119
99.05489783402153
112.85125929078778
130.0717833654448
84.73193110537584
95.77854433265017
90.70221294757228
94.36480884638621
98.2827326173584
89.27205645814821
111.50821803177108
98.42754686385305
87.75114244010084
102.78818960275157
101.95156824734264
101.9379973251779
100.33177208734985
90.11343507880166
132.01755952357476
113.32355316729021
93.65811914566028
127.09018340596195
85.07972960037685
104.36169698022569
119.16520957406675
101.80374251380968
111.28983809453183
88.56066838121197
114.01334394758858
100.19432955884719
136.2113080776731
123.89241204337746
87.93210609672633
110.48190395830945
92.37095439677051
103.523809299732
84.34576364967474
92.09992164703823
96.91433387777276
109.5696187552508
111.2666174480471
115.9355531727536
93.77600152769641
103.51674131556881
117.24744150538461
109.72255554604624
88.59901363547947
110.60431200546329
144.5442595964677
101.23622727144419
112.28956473013129
120.4214225408371
134.74989463221794
127.99512197402778
97.94621661201312
97.7432454511719
99.30224226268545
125.49299399804653
123.25182690020411
107.40175465175716
113.44176874876551
89.08504876718044
85.00148752603162
112.06265955310246
108.27780023121807
110.7710045925793
90.05600501082523
102.73081166676019
117.04079470465514
111.09387613060576
89.17373321213275
84.42606932933725
101.1110232480895
127.91706136832657
96.77793269578659
94.43040054543005
120.65449204708389
94.95600317301226
91.33400032985423
127.89157721031926
83.62624947689879
88.82271064607616
104.65614681842955
98.29830126262318
96.50621334052467
108.66157851325073
89.9624220829158
124.81587530848684
86.16737098439576
150.29771229887987
98.47955218512605
111.74336046877396
111.12963271656398
134.45313509671757
124.01792075866493
124.02001637966168
108.62500388108074
92.37240860252192
88.63921996197122
118.87424790424689
94.1281842700112
95.2860806483196
109.4237227907023
93.0642994217304
118.36550675042928
84.37066490580483
116.56212598127847
119.7903489208362
111.33954837440189
128.6421391456919
121.5127748368576
99.01759938811526
116.43213558737119
100.72678086055014
91.80463728373657
93.34782600762946
114.29383912632599
99.6212280157836
99.984455194563
87.82276280656924
101.6263918196298
96.46218047300063
87.37335364772636
118.09709971452381
99.89363522481437
101.70340751488284
114.06884850032317
83.32651823416026
111.7311828097762
109.0092464505706
120.01384065072486
88.85021513978148
110.39693216961591
104.05439051220748
103.825283693542
107.57734211888152
