451.247772601761
465.587904488806
447.00385759249525
459.2192425430273
491.53281660201225
502.0630226019642
481.7397397671784
484.6253426818467
449.0434254895779
450.1838048038835
486.5973876503159
466.0282308749236
449.0022925106752
448.594066179798
456.7054168850999
505.1498303098393
460.858539807872
456.41050351624926
487.29472336467717
481.92717219630504
434.64064479087386
487.2868285001473
471.3963619847121
459.9209889712382
468.5112801690066
503.59227887231253
491.07825275657257
469.5923721137929
466.8195247160117
496.2125751314787
487.5717521487989
456.5309988828219
448.79730445434353
468.86149523740346
487.2274379119707
493.93541605841506
438.9332840298221
470.6671131208514
463.3915090948307
484.51985899541666
442.23273877467864
455.05524687425867
504.34731336707915
480.2439639336786
458.8526792119227
465.6801831725784
500.2700201117013
479.26756677798215
459.0207142914854
499.9674112151051
469.3386608486214
497.9516879916207
452.4002255538267
500.5066258248878
465.99238157427084
449.12250445080383
449.28292586315564
493.2562509832197
467.186219624482
470.43309211323077
448.9251449386894
501.03342318811076
444.31502698458684
478.08301360511854
451.71703406344375
465.8193180949017
475.69868621677637
449.0671230242944
488.9581742621821
472.57554673084763
452.38053949395186
477.4771427946641
444.0609808847118
461.61012282804415
472.34342125008396
451.5263250943278
452.5231516238438
455.76416521596514
483.4374984137599
475.87804617975917
464.89564340335
448.46919556673805
441.72738341065156
456.4878484599018
481.2923165074456
491.3910667605689
455.6100006869742
449.87991401465666
483.76117803179875
458.1845167581929
464.8276213742736
456.4935025460942
452.2588246378041
465.1345814810401
485.45269622079337
439.5731323622497
489.74209701322945
501.0364635131748
487.67333175471293
489.54524092908457
500.3831560817295
478.4273732296581
460.65177331498955
459.5575628168227
500.1599469830453
490.23480312127583
488.52054168645446
455.5115342767253
496.0686882160542
448.9869530179176
493.61196192902594
472.3324295441733
443.21696769256886
466.1568194170661
469.7080130034193
506.32412124840454
497.3917680034571
483.0560529211461
465.464599636443
473.09202161613103
472.1830954139068
484.47781815340375
469.23776732688896
466.15269065341556
452.3915828391395
446.3016809162974
469.1745065920301
464.1747795275292
492.3690683501032
494.8675069573169
498.40020582015416
473.8165529410526
463.60492894985646
494.44018987262416
466.1867709438347
497.7029531939975
466.1117059479218
448.59176530367364
448.9288030607438
460.4293052668544
498.9285924251497
465.73194265775254
502.7383433926072
461.8127496502982
488.6637045094561
465.9315302522687
497.33723196994185
460.52271508667616
439.942427152949
455.5029437613725
500.4433726081966
447.5241100488825
460.65177331498984
452.3697783198829
473.7231170205918
451.96879828020474
465.95499806628675
452.6912916057555
483.6375236748039
484.33250425012443
492.35024330447715
452.2122118466693
489.94153614255026
459.0854529837256
494.6943221946369
450.5145165749382
465.1553052432412
494.4212261864401
448.78715535258397
456.18869775037854
444.6158648999846
484.0534516023932
480.2255043717196
485.9477492872707
475.35339862002394
458.6288712698529
478.9036349492738
480.2390657167265
494.8053571796327
461.39116341290855
466.0664725011381
505.9417802674613
447.39646911097327
465.17747587479346
440.2927212775293
460.44039796853883
463.8012847611815
496.76741026952385
492.6940339510842
502.3953754779722
455.2290954567966
460.3818406986757
492.89578231244843
470.5999951128064
465.930517627475
445.7561666227582
454.5840189513754
468.8539811905551
452.11387076525153
450.25529939161737
453.2939424474476
462.17477009296664
465.77919489836603
444.929371598294
495.89481740326335
484.122192441372
474.70651056717514
494.4212261864403
448.9877375261152
457.74758331383157
448.07834300691314
499.05533739569915
456.76950612116013
495.3115571608486
492.14368112400234
449.0155756107626
465.78878419423387
501.0752809808109
495.2383668926573
488.97677431445925
487.31450657112697
476.14837639066116
490.090885795391
465.62095959490983
471.1088492511841
489.9497913867713
438.93886111913525
454.49590300833614
483.5714771587897
485.8682875987102
484.0769482734
465.94248350388204
449.36258507733476
443.1055949191658
504.3194325817501
439.94418625325363
462.2967332484283
456.6467684981429
471.92932453061144
482.2016392332646
442.85977994574347
492.3907108353734
483.86639856135287
487.1725235254068
452.41582273443225
499.90125056735945
438.57540218530033
492.7128822308835
467.08254528792725
473.28669778812707
450.12919539112175
452.3212593754666
492.0340693708462
493.99972219252015
464.78579475175485
445.4869474032128
489.1732616116391
494.8836203841101
447.8691851686739
441.3261676069307
492.0472582316013
492.56777360340277
492.41472911335626
468.08041757590803
456.26449860377016
492.3798890488067
484.8920706525886
496.1773258374168
485.5928242316495
458.92031462477263
454.27410877138607
494.3562974292267
495.06785740412755
446.83616463547736
453.6269419969136
467.326835448716
505.4771770927546
500.58926688575457
438.8910959912146
487.7315885978743
476.2118968564899
491.42580056709727
466.14212581978734
502.894558212274
489.71549509002057
472.6017285708967
479.1699589651575
461.31759465065744
458.98090429180536
452.68986695304426
442.39372377616013
444.8191838607441
481.28454746278885
489.83261976554115
494.065108386563
483.44531116624694
465.7547092427463
499.43640525002183
457.1811325202634
501.8109222038966
483.3923395747291
446.37522016950516
487.37520019551704
450.9947654482166
480.37503295677334
484.9184705900522
467.41213679508957
483.29312678434974
446.6007951075862
445.7410048483832
472.6802879160091
462.8625153684819
503.04467791306905
491.1743833269335
464.1902538614301
486.21056020164093
442.07705529710483
459.64267656894845
446.1775116976779
463.6085392879464
487.22207210478183
480.3557113851122
465.24818135543325
469.79044092375045
471.097914631232
489.54524092908474
501.39020119227615
458.1183438029282
496.29408683141264
470.77118180302966
459.95138200646585
496.34327147782966
481.65595986020566
469.0029250904116
470.57398929200065
466.85288909687324
443.2854461007179
454.5126247534584
490.6534616720559
467.0750683782861
485.72515176796134
473.507767711983
494.62645995229366
501.14988841897696
449.40167353799944
442.67653298757614
480.1915521802638
505.21401144923624
480.0914955061161
500.388301321826
441.76206925034575
457.21321800165987
459.84991971577284
490.54675159160684
495.2925352492099
487.26172557859735
479.87711204621183
503.3358353700133
462.2515815789033
479.61014821445764
471.92592930740767
476.7753684015173
487.6092187605599
462.3301398041239
500.03358748335893
479.4597153337951
448.1356535140912
465.5953414858108
478.9594013935873
444.91488916317945
493.2722983602338
478.2960844430985
443.55248793612014
493.2911853801197
466.0902771846823
448.4753292845431
477.6881212690911
452.00864913582984
500.23947828114814
459.02559134178273
500.5117732881873
448.8071576765986
468.8539811905551
442.4210649413759
455.2690691826211
442.2436040722922
442.6696911067245
493.6034194631163
496.93661166933646
462.089640473505
503.7427379426059
448.85796803159633
444.48709864666546
452.59659294199605
463.86652351230333
485.9849980799496
448.1356535140911
483.61905506352076
443.6960734555266
483.73987643988
462.6748698938198
451.9474860132203
479.09098268168697
447.70978202393474
479.97357437026125
495.42282356299785
453.6325834077929
441.1538463745574
483.4110120229512
466.1263458956043
454.3381287946594
466.16897830857476
443.94481034507453
444.71730264727773
438.3515856843217
458.3059657636566
504.5570696264178
465.3140697555369
442.66603787952675
445.68873723671834
484.02078112972487
480.5859499752172
458.68940292739205
492.60545473663433
480.49565672563824
502.894558212274
446.06365309862474
451.0665791454308
501.9185128538762
487.0216442970862
452.3988525503225
466.04383850193466
497.84242854541634
463.68653224725296
451.3026111053846
484.4778181534039
463.7501740270836
483.0981195194216
475.61997911129566
449.0294990756653
446.74620201199184
443.3145523797309
458.92349265593737
463.1368405462273
453.33926344878387
445.69759238278147
480.46921267754334
436.84553369003555
465.9796793561677
458.6211818223131
459.8442490110257
483.0452089153157
443.7019539449676
478.28524544087276
488.04396277832876
461.84176117792515
503.33691017760646
452.90900106030455
462.2370576972436
461.99628562205055
451.49536258146355
480.27642241741654
461.4702865141023
472.3104494563696
489.1546484210598
475.3654171272117
488.77497173547613
490.8936935821249
463.0285754758432
468.366572389815
487.729168879666
486.2421798263745
442.448783959679
443.8004666160979
482.09614147268627
480.39764335138176
455.88306337291715
464.9260627365419
490.72554617139883
464.27644024179364
441.3931726662185
498.57253395637764
473.87632052449305
497.1191824120831
505.6533945713304
504.74417719469545
492.9467121149842
460.28332192858977
456.11143640755347
466.01759124615603
451.381097191378
499.4282549121312
486.2105602016411
456.532183093581
495.67487621421196
451.7966979206161
459.25829478784664
502.6140544472896
440.24528105327784
492.6403190701967
