463.9918514067415
466.0679280819781
421.7168763030616
427.72977699169314
470.9644244244424
426.5121031117935
466.8275028876993
485.47722806829273
440.2809608923837
424.9185773919173
500.13363156170885
436.99856401136805
448.11453074127434
423.9259427969651
443.0701963772345
435.0935986628274
470.64777884482817
423.74343395533236
494.27779501274324
458.65207263568624
474.6444864758769
410.46648954811087
437.4196614172995
416.07130195529646
455.35863486586
430.6783187925646
495.3971330393616
445.8077696350765
486.3103383793407
434.0371691576958
496.8631237698794
492.7226818473574
469.4930673946761
444.6990956383338
424.4287835551641
465.5712773842103
473.68699683708957
439.44350882926466
463.7438213258293
427.6203469713718
445.85039538621015
474.66606656469804
427.9321650046072
460.27789958143205
429.25759683997745
441.55484771605535
469.76252978083437
451.07646880281345
422.7136419278791
424.3894737336766
416.2395076290971
452.59756423342594
414.5714164465607
435.27028314914844
438.83855702328157
422.1662802556772
468.62726824917127
448.4948806675618
417.7029395152717
450.6387432921293
431.7942390315447
435.0045491342209
471.5480775524914
434.6844573869768
420.71890687436724
419.04231089328493
447.03525727523106
457.7677100670987
445.3239824434836
471.4630576883935
424.7366158255974
430.2198616673014
429.0511927793805
431.50991754269296
475.0539199695015
440.26168053636894
444.00052464716543
443.00862472491707
441.5980778348269
426.4771126183491
443.62381911750407
426.24022804317184
443.0961833215395
443.3738956208996
471.76559318639676
495.0190569603243
428.383678297566
436.5933413678132
429.4204433783362
424.0895201094829
460.7947543125168
488.6197106421768
468.75367384235335
461.57131924327877
421.045765914018
460.78802726689213
422.9692413828852
443.553596807511
463.2049008920806
463.31701655363446
463.5496612933489
447.2987916426463
418.69387086229426
430.9793859621197
470.6386968228412
498.377021987904
453.4485553964517
445.17733932001465
460.07996281246847
418.73629573310694
424.6957342905478
429.0743211890998
432.02562776023865
475.30826238884913
426.4400790782729
430.7360658994406
467.85664053784825
444.4789406282004
441.0597973837163
431.9562453231094
489.7667755142583
426.27868382639235
487.7130755858779
518.6518325125729
433.86038742500006
464.56762110793926
420.9189263798878
447.5256455987891
422.71356360737025
475.118974431835
420.8994840075703
423.6312442690936
465.94234010532546
425.99455039002686
434.15602178123544
466.78621296594633
439.9407930823105
463.7009426900198
408.40752910816104
487.55511182050094
430.3376682937272
459.6626216736835
424.12844060031165
434.74099255567813
455.2972302766607
470.0939746345836
427.9681136243112
420.0165858822267
459.7111086259067
455.22498958140727
439.95927736928667
437.6438138601453
428.3458214497963
433.2374749470583
466.78107400066017
433.6909313602727
411.00498130697986
450.3039089933851
468.35264634460555
467.3500888331115
424.24539162272555
450.0843126283881
432.04469165676977
422.20093848195387
421.10850746800173
464.4663897556314
429.1161050863211
433.4116018868179
468.07658929787635
424.64254455739405
426.5059559728869
419.6321786619859
465.49116922257025
429.1476929104324
429.09761648951945
467.9243880449626
463.4121146453373
418.74378340099827
429.3316147579095
458.4930553932554
432.23095727930263
427.34813205597305
416.28468492104207
466.0119265293805
447.3884070326511
421.22234790763133
499.25711501395773
442.63182687413774
442.77636308453606
432.41452995484843
443.9306923584157
442.305561972337
460.97077039347124
489.88078785864707
422.9891528277112
449.6300557768421
473.8937423468938
458.4700211755297
468.15788822949645
485.4988283682325
440.59981055209516
446.2091413958445
428.8835715665415
465.80535198931153
431.05842877341325
462.2930174947438
468.0856956397941
474.69262573636667
423.0248956633816
476.31154545872727
426.9793773424619
464.55872062041664
429.06987074146843
473.76156425032
412.555483463494
469.9357910174177
429.08321339482336
467.1024220634025
444.67986730254637
444.17472719293
469.0910634354379
438.1710957548742
464.6598891956892
450.8979588932728
437.40687210050345
461.4501832242631
493.53063913352776
431.96740807028107
437.2589138196697
446.985442195714
466.3619177019339
457.90796840271474
423.8708658140441
422.7966588378726
454.92919923086646
423.44548351122546
476.68623823080907
427.84988474502035
437.96301649177616
430.002529343287
523.4148096248036
431.20658219599443
409.4296182018563
432.0858537756938
460.69011719838807
493.8709179764591
434.98157838186654
437.19435829353745
465.66080471260375
490.2580799260323
421.8247132384927
441.7253207319328
497.8714986634103
422.2932025799503
464.5930879916958
485.8633858065527
459.8659058236062
425.70244112831347
468.14026582797806
432.1714670042209
451.78967338806194
457.259824354388
437.0730987842422
420.47917845402003
442.26371037461445
461.2464016474569
464.29485406998396
494.05830728434404
439.8499027915653
437.3460094760953
468.3612308642254
440.99753895309766
412.5580406542782
414.3389277227376
433.3887033132765
438.1542476904797
452.83429559003895
474.72591591352494
420.8922420025498
449.49997750201527
441.5203912358059
428.22985944563095
488.19739463538275
459.0525429752172
462.55809079148014
430.585441245255
471.60571832651794
428.6036875591779
463.0930464770113
423.61676445410393
472.4979278423838
474.52286086004267
456.3401026926235
462.1357755630692
438.65315184281354
425.8282184993
450.83981111647466
429.7392785470576
449.73431945078454
455.8847994801257
425.0344918250079
465.3097722571911
438.58637908398305
453.21010334808983
451.5642746530975
437.6948656088682
451.23405320176664
473.8064962424183
427.2767352747972
429.2746800508488
423.3145575070493
423.8250703854068
488.976924238605
469.33544899324056
467.5825494464287
471.0194678902886
492.28924544016513
443.8155520433606
424.6000567993562
437.5167306646395
496.17523555756986
414.42490656013445
445.97070679059334
526.3610448547362
473.8182980760034
522.0430340581806
431.34194428165625
451.712501858456
443.90731691126143
499.61261574054566
438.3596806193346
424.53807378501097
462.8621684432486
427.4119914719428
461.6350284612795
447.1499808943194
459.0804149773941
460.3397387700799
429.9767364367418
484.4041760974307
468.93533332683967
428.03909088677415
463.8736319869586
447.5513133710064
414.71990679250894
418.21329348457675
493.6204740463278
425.53278735929314
463.41534286575944
456.75757175023193
469.3617182440008
433.76894412893813
430.2657975206287
477.5962861135892
441.1972328109559
477.16763208764377
436.46094087304033
465.8091278319079
491.21594887499964
437.22949344097066
430.1813410378288
441.2968579892956
499.0640920675735
446.4453700745115
455.7358368652142
429.6759212889292
415.39933678852447
467.8468746483048
464.4274846707703
431.4263842648916
437.58835866185933
470.7431407822207
425.58818802424247
464.0949773007949
446.0692126088217
477.8836401667607
467.45146455617174
466.22400103210344
430.48968220918994
499.3923912379237
419.91061706257847
443.2860286692648
475.6954984642175
419.2284550954558
429.8866458283022
466.4549146875826
467.1459793805037
432.2133052929803
430.23474082393824
500.0008143351882
462.84719485458294
471.56497896694054
467.70832752019714
434.00022067924857
427.79801084119856
426.9879212880483
435.48419869833566
495.53380509710365
464.401516168043
492.7785167042981
492.74244786965124
418.7635059558354
432.74476934934233
465.12474356571187
413.756599851003
410.151865919331
454.3593221186094
408.7499525740568
460.07133066156507
425.15713635212023
463.74098648333035
441.92426958441064
441.3548395611387
428.2260769520869
407.0608322611146
447.1915609168002
444.63460722329665
454.3371299750076
434.8057929161674
426.7457879220855
455.0023605832697
471.0045044154499
474.94314380178827
451.39469161894476
444.74514703499483
421.82518812040666
430.2604081202831
424.2264482600431
431.7649038864725
463.9199882518288
441.6194228397476
491.79606168153794
439.36791339409086
442.4700797386388
457.4421550099924
487.6807504881556
429.3822504329705
426.8225341261765
471.5038160177374
493.58744187777984
434.9911397883445
435.18846924631885
458.75079655820133
423.1323696916747
491.3728027303444
427.78227602723877
441.52774782134645
460.1235013306983
465.2985268848571
439.34923747855146
430.1390620035683
432.9517191922381
424.53247436042153
473.8752331542715
434.7068718847616
466.22176101195265
424.1584969471028
460.80497903968995
453.62019654025846
416.5967179248596
417.10686506885577
435.3780437912494
434.1938619839318
428.3424610492589
433.93024876974613
422.6412185872094
425.65285723128864
448.3770844758594
423.4713563974534
474.1498710019374
473.4992889826389
438.87676357649116
451.98648657014826
525.1436797506553
455.1342452936362
428.9039126564475
463.4478286857626
523.7431596279133
462.78269594956834
486.1312888808406
492.4222247968628
432.0728416677616
435.3589947513318
453.6369103940325
466.38467941874256
465.8878172742979
416.796920215023
450.75695806221955
419.66165427691953
454.87439263930537
462.57099821841445
431.0159243913097
461.4532903301984
450.59401930259503
459.5621377497719
443.1954544216528
445.68492450412106
457.10191867664645
492.3124824013326
440.8673782251837
