36.42782039596172	7.519475538182258	0.02806031907311317	0.04989417714381205	0.14572194514112682	0.12000000000000001	0.013
36.387293098498574	7.176943502836028	0.026066343225681222	0.04895397237175818	0.14509877816741476	0.12000000000000001	0.013
36.75240687296206	9.762672777407289	0.06327278066422909	0.04089319876568376	0.15658046005378817	0.12000000000000001	0.013
36.631418754902015	8.810158847974702	0.054624578310150836	0.04040203828691826	0.15389816922542343	0.12000000000000001	0.013
36.3400007421918	6.834400838177178	0.021540197580140443	0.04974624877865601	0.1437009613043146	0.12000000000000001	0.013
36.564026953968046	8.022432479361193	0.059701076461467044	0.031628881240303656	0.15542091544490613	0.12000000000000001	0.013
36.305062963330066	6.353643862686767	0.026956512530116473	0.042805838263476025	0.1453394621999297	0.12000000000000001	0.013
36.68399462499237	9.934010419769388	0.0310701562310104	0.06407950999587977	0.1467355147297338	0.12000000000000001	0.013
36.41611159329904	7.058390015501639	0.04141587231012084	0.03765395502085605	0.14978999917211996	0.12000000000000001	0.013
36.6266148181659	8.649894954612428	0.05899184031563912	0.03633564790868689	0.15522805704002973	0.12000000000000001	0.013
36.53879427656697	8.931650009731243	0.015275516451780918	0.06814269946613295	0.14186504731413374	0.12000000000000001	0.013
36.44864247240943	7.2064680947433	0.04789732735279364	0.03421548799682739	0.1517785172633061	0.12000000000000001	0.013
36.71627447744487	9.849322235103738	0.04641261917552787	0.05301216928407675	0.15142587548198988	0.12000000000000001	0.013
36.58421444749895	8.135126752162114	0.06292292670301285	0.030182631848332267	0.15641088501341888	0.12000000000000001	0.013
36.67327900052002	9.454874260402523	0.04549196132794996	0.050988298004684525	0.1511290662528973	0.12000000000000001	0.013
36.46382654460488	7.060971881866059	0.05917919163225741	0.025517366995785384	0.15522430983605992	0.12000000000000001	0.013
36.47176451428337	8.108326634274007	0.021857035884591723	0.05810028925118224	0.14384684646308596	0.12000000000000001	0.013
36.70024577530247	9.336946495838271	0.06012420460974828	0.04018326932104776	0.155600876937963	0.12000000000000001	0.013
36.46154855352581	8.164907667461383	0.015855786495822432	0.06258711459354593	0.14201309947115182	0.12000000000000001	0.013
36.58005945314774	8.804725157621728	0.03560666922635199	0.053377850749260436	0.1480799408546136	0.12000000000000001	0.013
36.3455673811764	7.006749943149405	0.016993519855564403	0.054016706292324884	0.1423166504939811	0.12000000000000001	0.013
36.65752661022363	8.576449280093373	0.07338963208565721	0.025990305244190517	0.15962985301582008	0.12000000000000001	0.013
36.4679526344032	7.530798681611154	0.04264866696927042	0.03998876768416139	0.1501852943221949	0.12000000000000001	0.013
36.64211965978276	8.51439052076807	0.07000938469338401	0.027885602522939208	0.15859337200741697	0.12000000000000001	0.013
36.682695094936356	9.6499892500319	0.04151052315648577	0.055025175473326984	0.14991855022693387	0.12000000000000001	0.013
36.68622447038595	9.544399277881391	0.046894042980096584	0.05063128445858001	0.15156143600153846	0.12000000000000001	0.013
36.635330085500456	9.68085781456192	0.022591303830009957	0.06817770016564306	0.14413190843798	0.12000000000000001	0.013
36.3433741953972	6.419576339026138	0.03876221542744169	0.035171766116594505	0.14895363436263329	0.12000000000000001	0.013
36.6085132428579	9.303030204987365	0.027087887924356704	0.06255908175680051	0.14549299790532486	0.12000000000000001	0.013
36.54037655677282	8.156057937467217	0.045706436237345584	0.04210326358711703	0.15114476558829665	0.12000000000000001	0.013
36.636028524690516	9.710331913962898	0.021718845271938566	0.06897294917925324	0.14386613581604396	0.12000000000000001	0.013
36.49821535896855	8.465307577996894	0.0180254490186864	0.06312365152120783	0.14268839393668106	0.12000000000000001	0.013
36.431461414091494	7.682736134277297	0.02314241578154234	0.05435748692039431	0.14422371854697583	0.12000000000000001	0.013
36.37255401523658	6.400941650579214	0.05040293517445947	0.027081620008787045	0.15251408443612316	0.12000000000000001	0.013
36.590770466351934	8.238645293119012	0.061394684028620514	0.031924741764075205	0.1559473383459178	0.12000000000000001	0.013
36.52398474048974	8.440094152349804	0.0286425285282004	0.05568963610077401	0.14593543589487676	0.12000000000000001	0.013
36.37661870151134	7.285821304141184	0.017881511855793477	0.05528668747591415	0.142599032559046	0.12000000000000001	0.013
36.41650995384368	6.880077141753524	0.048425055307918165	0.03165848689036481	0.1519274182815113	0.12000000000000001	0.013
36.45788628657968	7.795008496294933	0.028715533378137172	0.05129962272973179	0.145932979128568	0.12000000000000001	0.013
36.58885289112168	8.36702221707019	0.05573790092000441	0.03665891205921355	0.15422173069605888	0.12000000000000001	0.013
36.35145162920525	6.342661683009989	0.04474515734147116	0.030560664772839936	0.15078099925218172	0.12000000000000001	0.013
36.35058922774471	7.061039990171327	0.016784860279836014	0.05452473184843022	0.14225490305606078	0.12000000000000001	0.013
36.67176964954452	9.21036937085838	0.05433350918920712	0.043293763074648786	0.1538245045207163	0.12000000000000001	0.013
36.3626749692682	6.824253709318938	0.030418939399126606	0.04360299723387858	0.14641678443595169	0.12000000000000001	0.013
36.535518534932734	7.826542345333449	0.05656490144880554	0.03245677801219675	0.15445395869918718	0.12000000000000001	0.013
36.40444395045987	7.061860583022158	0.036914434389281776	0.04075726329554869	0.14841303826456437	0.12000000000000001	0.013
36.43245505244035	7.7001929237583235	0.022842798366983216	0.05467993741436998	0.14413272949399294	0.12000000000000001	0.013
36.357928173751134	6.068697667190305	0.05770966976356578	0.01984693129608587	0.15473661590676804	0.12000000000000001	0.013
36.74340811946618	9.709452839902607	0.06195146947102564	0.04143920423064253	0.15617419506651636	0.12000000000000001	0.013
36.67569641133872	9.121112788850352	0.05923741711629003	0.03933791967038379	0.155321293582667	0.12000000000000001	0.013
36.63873261506654	8.479261648611423	0.07009288278775931	0.027592128718904287	0.15861756600877444	0.12000000000000001	0.013
36.40892024630555	7.191278347711487	0.03361122831668497	0.04388807969417381	0.147407484426317	0.12000000000000001	0.013
36.7076435071435	9.154219734714733	0.06992349499303506	0.03224906718387104	0.15859168499400628	0.12000000000000001	0.013
36.46510218505173	7.024034315328677	0.06107780441487125	0.02396979284431679	0.15580372001829432	0.12000000000000001	0.013
36.45671153806023	6.796824610847025	0.06667787852301123	0.0186094881890443	0.15750818092539778	0.12000000000000001	0.013
36.598859007667876	8.22882925891176	0.06480036629064327	0.029528476164700695	0.15698883832249858	0.12000000000000001	0.013
36.42795477349692	7.627812621516793	0.02394268108763155	0.05344041299902737	0.14446642755741645	0.12000000000000001	0.013
36.73351915813146	9.999542826915508	0.04708908070840066	0.053559989948626596	0.1516385937347498	0.12000000000000001	0.013
36.654969313360425	8.69882942930936	0.06772406960865451	0.03069013691720822	0.15790132909744498	0.12000000000000001	0.013
36.52953676643598	8.258891802502301	0.037692210225895986	0.04827858475808058	0.1486969798481821	0.12000000000000001	0.013
36.61397507521827	8.803552616944264	0.04834848813660303	0.04465179760567387	0.15197791377511732	0.12000000000000001	0.013
36.49099303001861	7.646599983429568	0.04681900079420262	0.03791445378349073	0.1514655464243168	0.12000000000000001	0.013
36.28552171967611	6.277880859861114	0.02255577381918846	0.0453071720985644	0.14399026257032943	0.12000000000000001	0.013
36.49967780007637	7.731639572292126	0.046798603138743664	0.03850054678998768	0.15146257437995916	0.12000000000000001	0.013
36.715199598609736	9.384191613907488	0.0639047289113362	0.03791443144563529	0.15675924265002267	0.12000000000000001	0.013
36.61442685303714	8.2838161514853	0.06851291540301334	0.027358233814450645	0.15812670636374548	0.12000000000000001	0.013
36.66012008467274	9.362695790125361	0.04411205730584409	0.051312285121637394	0.15070337918355026	0.12000000000000001	0.013
36.66450414898654	9.531582019493372	0.0392558926868562	0.055771200886421624	0.14922425607461795	0.12000000000000001	0.013
36.35001558068881	6.460285300147576	0.0396823405492655	0.03481608642147877	0.14923668642735646	0.12000000000000001	0.013
36.44345760958541	7.8631882991309645	0.020690976688236776	0.05724886377050579	0.1434807012385713	0.12000000000000001	0.013
36.55450719568882	7.689137024759791	0.06895978508456281	0.023051545250063563	0.1582405606451573	0.12000000000000001	0.013
36.52219660932362	7.294531602742684	0.07204519802723973	0.01828559441822584	0.15916929535038143	0.12000000000000001	0.013
36.52115996056726	7.5671007155887455	0.061170838780592485	0.027559825581151446	0.15585305143208172	0.12000000000000001	0.013
36.50429411648729	7.233714852415286	0.06768293265068362	0.020861160829022906	0.15783243999076751	0.12000000000000001	0.013
36.3450685850016	7.024185032327559	0.01613602701373747	0.0547207184352582	0.14205499357261556	0.12000000000000001	0.013
36.46157881427809	6.753452395566071	0.07016861584988	0.015929264365604774	0.15857441165524305	0.12000000000000001	0.013
36.33837263547224	6.505015353423059	0.033602813720807825	0.03927673845765185	0.14737853711760288	0.12000000000000001	0.013
36.38318755084259	6.535720820741686	0.049198499696212525	0.028812493579852372	0.15215079924745697	0.12000000000000001	0.013
36.39815942670292	6.919097341626236	0.04005413636055365	0.03764853228727514	0.1493680595386482	0.12000000000000001	0.013
36.63502034340159	8.79698593652916	0.056479663186940025	0.039044132523874474	0.15446517648728986	0.12000000000000001	0.013
36.421040368869974	6.522233154050142	0.06388804133427549	0.01867092139667867	0.1566441524621052	0.12000000000000001	0.013
36.552594144204654	7.848199860877678	0.06212414721787536	0.02879875887210681	0.15615549323816622	0.12000000000000001	0.013
36.43006198681275	6.564704702199843	0.06563142408705712	0.017763813620952168	0.1571791258697686	0.12000000000000001	0.013
36.662134734803125	9.361997537920146	0.04489312824960773	0.05077316563020783	0.15094230007019976	0.12000000000000001	0.013
36.35944061717985	7.050196896504506	0.020515636664932987	0.05189912150483785	0.1433958173963187	0.12000000000000001	0.013
36.52717393002476	8.742803224875347	0.01819061676952478	0.06487759985481742	0.14274958674154337	0.12000000000000001	0.013
36.63508161291456	8.87123283427263	0.053646173827257386	0.04148237767581298	0.15360119967115315	0.12000000000000001	0.013
36.448996916110296	7.150510342364538	0.0501828238871865	0.032275235920779397	0.15247555321410164	0.12000000000000001	0.013
36.59959227602571	8.555776931971113	0.05249654444673628	0.04014662212245099	0.1532373784041433	0.12000000000000001	0.013
36.56661588890681	7.891207712237984	0.06571875312173248	0.02662862161269595	0.1572568193613729	0.12000000000000001	0.013
36.709443423039616	9.979944533414406	0.03883003376325704	0.05907911216687578	0.14911120652365017	0.12000000000000001	0.013
36.45296769705718	7.993224212363623	0.019248447849185425	0.05911073269097995	0.1430443954843209	0.12000000000000001	0.013
36.45271192830972	7.863643104737096	0.02413794162493076	0.05489345290967214	0.14453522525138365	0.12000000000000001	0.013
36.650822330420645	9.484221147975486	0.03595601147115034	0.05771039599234549	0.14821292578377648	0.12000000000000001	0.013
36.75681128377333	9.783211031570083	0.06413147563059673	0.04044384440382552	0.1568439440486193	0.12000000000000001	0.013
36.40349361382196	7.226867114243969	0.030210534249167954	0.04645432827229151	0.14636850090031817	0.12000000000000001	0.013
36.590487718947166	8.161402250762778	0.06426052821687525	0.02944420118329256	0.15682109811281625	0.12000000000000001	0.013
36.371712274497575	6.703609972202626	0.03844356539370927	0.03730073744668002	0.14886706733872887	0.12000000000000001	0.013
36.493028983538174	8.107554265783298	0.02984735267183842	0.052627985201233844	0.1462912400404611	0.12000000000000001	0.013
36.3589287773305	6.83785716669376	0.028493156576638368	0.04501217237082688	0.14582816557837125	0.12000000000000001	0.013
36.47137270380191	7.915826397745129	0.0291162252944199	0.05183831162730274	0.14606020311301882	0.12000000000000001	0.013
36.340651333411344	6.224723439727647	0.04523926013384511	0.02942911646265649	0.1509276243912575	0.12000000000000001	0.013
36.6567809035927	8.746497429438936	0.06656837646693059	0.03180158621925687	0.15754960763772605	0.12000000000000001	0.013
36.675111073666564	9.361705422729134	0.04976221039636078	0.04743969332375362	0.15243185402277026	0.12000000000000001	0.013
36.36885434248079	7.112746022589003	0.021633384895049287	0.051555162914728975	0.14374016627179936	0.12000000000000001	0.013
36.6197414883364	9.601361407117677	0.01981391598722929	0.06954319241895844	0.14327918602165635	0.12000000000000001	0.013
36.65790479767662	9.40727929451486	0.04156752238472575	0.05335325093557995	0.14992666026886833	0.12000000000000001	0.013
36.41194750730954	6.438078071140144	0.0637216364640856	0.018218592639699768	0.1565900112721068	0.12000000000000001	0.013
36.68007624553099	9.710802523114932	0.03819051834936874	0.057705922701741956	0.1489052207953212	0.12000000000000001	0.013
36.690969453631	9.092437278217869	0.06605826285713726	0.03447805802434371	0.15740684652047962	0.12000000000000001	0.013
36.60195106510014	8.37865216580947	0.060193927873885965	0.03368826926326872	0.1555853796482863	0.12000000000000001	0.013
36.51924969196283	7.521779880552586	0.06219929039713802	0.026551228504248042	0.1561659369591413	0.12000000000000001	0.013
36.646789047173634	9.139599906520829	0.04770437167285785	0.04735340038956064	0.15179377790525855	0.12000000000000001	0.013
36.34029606357572	6.9851220763139015	0.015852207789298526	0.05465210118553896	0.14196666549850182	0.12000000000000001	0.013
36.64220216405708	8.867143546676317	0.05646915830111359	0.03952333248849442	0.1544646589561686	0.12000000000000001	0.013
36.510685243240204	7.579156921021195	0.0567856798238818	0.030641337040842678	0.15451199290310536	0.12000000000000001	0.013
36.28569716892594	6.160452172158188	0.02713917123991957	0.041381088620607714	0.14538791737929405	0.12000000000000001	0.013
36.45457040437915	6.602237252196831	0.07336248413066848	0.012726608441245088	0.159545678853309	0.12000000000000001	0.013
36.399452022237675	7.068143029145277	0.0348039495624974	0.042243559692607326	0.14776763343278895	0.12000000000000001	0.013
36.59902966259468	8.662088967443712	0.04819588739115189	0.0438044583799232	0.15192579321873412	0.12000000000000001	0.013
36.59738786622467	9.259490242034207	0.024598042603652667	0.06396974346476615	0.14472962322298719	0.12000000000000001	0.013
36.64866490287632	8.925275381480036	0.056652112312985385	0.0397892566216787	0.15452286283901212	0.12000000000000001	0.013
36.64813192270461	9.647353929917914	0.02867278228950695	0.0637912411648476	0.1459910862186306	0.12000000000000001	0.013
36.57564094419648	9.277478805300282	0.01576477262211463	0.07013463869256277	0.14202801232759668	0.12000000000000001	0.013
36.55152332637975	8.266189449064031	0.04564238050674035	0.042888043750382285	0.15112940180865492	0.12000000000000001	0.013
36.363408616624206	6.907264670865457	0.027499991508583222	0.046158678149163794	0.1455270006758067	0.12000000000000001	0.013
36.71017021735547	9.342378870601898	0.06363054101684287	0.03782072402654973	0.15667375534882802	0.12000000000000001	0.013
36.32075454250748	6.249097454506968	0.036852947268471575	0.03533115678237062	0.14836299343884635	0.12000000000000001	0.013
36.70908632585493	9.386428869334788	0.06153008223054897	0.0395542561982136	0.1560328691225605	0.12000000000000001	0.013
36.26020807988415	6.108478579875941	0.019596561098692337	0.04619219556807093	0.14307846062314153	0.12000000000000001	0.013
36.70264357648306	9.268924317124398	0.06363879841929294	0.03732088037119746	0.15667345862110804	0.12000000000000001	0.013
36.58121413929541	8.079605209583582	0.06393575084925791	0.029116098157219935	0.1567185977215803	0.12000000000000001	0.013
36.61396996336926	9.259792811482814	0.030794103738763925	0.05973233103371228	0.14662515368424206	0.12000000000000001	0.013
36.70475009875496	9.453438400051454	0.057328774645105315	0.04287969315570951	0.15475016684935403	0.12000000000000001	0.013
36.470729482304826	7.1634826688244875	0.05781959238421373	0.027137308221075532	0.15481231637677295	0.12000000000000001	0.013
36.621245330271734	9.359774451176527	0.029671229051300978	0.06117328556492002	0.1462854825642864	0.12000000000000001	0.013
36.448084699024996	6.73268188168883	0.06591601944002953	0.018699219926883243	0.15727264555354514	0.12000000000000001	0.013
36.48574935426032	8.051264707979328	0.02928771011088556	0.052632192266700656	0.1461178691909825	0.12000000000000001	0.013
36.7739558561628	9.686507113400314	0.07427013909439636	0.03285618937241728	0.15994188006062843	0.12000000000000001	0.013
36.56425244862239	8.952304845718894	0.02401144751001181	0.06230439350257515	0.14453836504081113	0.12000000000000001	0.013
36.662281231694834	9.212544448051167	0.05069772967365928	0.045796057560322484	0.15271231881463496	0.12000000000000001	0.013
36.69244010705614	9.809535121036996	0.03902063413804477	0.057802205256745225	0.1491629667655671	0.12000000000000001	0.013
36.592314346113255	8.239623145548416	0.061935033500668396	0.03156160454691811	0.15611268136297154	0.12000000000000001	0.013
36.46795948474391	7.27071657243719	0.05265710921161993	0.031391022464997656	0.15323711401747223	0.12000000000000001	0.013
36.37802438936079	6.91969169243557	0.03249348428616216	0.04282565491183927	0.14705510352280388	0.12000000000000001	0.013
36.28483261494462	6.221122034070991	0.02448142471200196	0.04360774286560718	0.14457718260664262	0.12000000000000001	0.013
36.6638478863098	9.133810514386147	0.05431327665498117	0.042792527313647834	0.15381537276210366	0.12000000000000001	0.013
36.649816546836696	8.716030573122918	0.06513330899808543	0.03257850573823816	0.15710941636785852	0.12000000000000001	0.013
36.67094917691131	9.6244879146171	0.03809438892606375	0.05719098127491741	0.14887249550415613	0.12000000000000001	0.013
36.694478579299954	9.749682464648103	0.04208641114035772	0.05530186783961761	0.1500985589307775	0.12000000000000001	0.013
36.41953519514911	6.7201318377424695	0.055711004714710174	0.025597225480173975	0.15415021252141722	0.12000000000000001	0.013
36.4462100821722	6.861748918466087	0.06024876828380243	0.023445195634174344	0.1555438620061286	0.12000000000000001	0.013
36.63037505948248	8.822901607161207	0.05374361937526344	0.04109053686351226	0.1536291531555855	0.12000000000000001	0.013
36.60181282458616	8.751062537037814	0.045814805792971244	0.04603223797444498	0.1512007843775451	0.12000000000000001	0.013
36.3381801457231	6.703421723856785	0.025897663943551516	0.04588358537317619	0.14502897781891047	0.12000000000000001	0.013
36.50614534396828	7.746643056825329	0.04864258968377212	0.037339802247636646	0.15202726922365797	0.12000000000000001	0.013
36.71885996266137	9.201737044095058	0.07229442030322615	0.03094653165517996	0.15931883213593087	0.12000000000000001	0.013
36.61038698890044	8.960691215659503	0.0409598106843448	0.050764464062157205	0.14972358478139178	0.12000000000000001	0.013
36.44343012270734	7.766255512151027	0.02440988440048187	0.05405217259671895	0.144614676249346	0.12000000000000001	0.013
36.464871635424586	7.9407219856188505	0.025724691532387763	0.0543263500936051	0.14502361099807934	0.12000000000000001	0.013
36.62047091032835	8.560112591545936	0.06014590338397887	0.03494197333082466	0.15557766136741086	0.12000000000000001	0.013
36.51683311391697	8.143515138328418	0.03737522015534537	0.04771923368524718	0.14859557130676543	0.12000000000000001	0.013
36.64490516299949	9.12130214767826	0.04770306894271324	0.047231186518272426	0.15179267618696793	0.12000000000000001	0.013
36.57370835231792	7.824893646688899	0.07092513400378725	0.022620175798757636	0.158847023597791	0.12000000000000001	0.013
36.59822908246515	8.168883850745402	0.0668707659135832	0.027708568482673022	0.1576199178927773	0.12000000000000001	0.013
36.64077441504112	9.459992819519746	0.03312656922941254	0.059483342021904174	0.14734640267170496	0.12000000000000001	0.013
36.55962245861605	8.113120999069334	0.05456323390091454	0.035754420524126994	0.15385261538128003	0.12000000000000001	0.013
36.532441826883364	8.034560071031665	0.04741024287429442	0.04012006705035122	0.15166133039904026	0.12000000000000001	0.013
36.445804203844	7.781522477264245	0.02471129876709021	0.053948654262505585	0.14470747260561864	0.12000000000000001	0.013
36.57394496787764	8.042518527212065	0.06264125037278202	0.029752301972316597	0.1563211547555297	0.12000000000000001	0.013
36.58515444652129	8.274567933827589	0.05791024579170283	0.0345505357628856	0.15488274836664087	0.12000000000000001	0.013
36.753688273799675	9.714458703148535	0.06560737967081597	0.0389714485388938	0.15729281517944585	0.12000000000000001	0.013
36.33463792961166	6.636435839706552	0.027148674637713734	0.04457694971038739	0.1454091167427034	0.12000000000000001	0.013
36.744592520196576	9.937614148658248	0.05361704285999648	0.04867680063135351	0.153633268869166	0.12000000000000001	0.013
36.71649053150272	9.674191575431166	0.05323112748676918	0.04716857351647512	0.15350508507410887	0.12000000000000001	0.013
36.373770994133295	7.090108377676131	0.024344906193927658	0.04954759146693736	0.1445688135725179	0.12000000000000001	0.013
36.61074704127351	9.16970610422495	0.03305338063694726	0.057580403178410254	0.1473128568642707	0.12000000000000001	0.013
36.682652050079625	9.010348573728336	0.0661026620412127	0.03389539598406797	0.1574172745917073	0.12000000000000001	0.013
36.73284506211057	9.836505019212478	0.05310911480254804	0.04834408284064498	0.15347399626969582	0.12000000000000001	0.013
36.54948967249982	8.529511141284233	0.034750547481477136	0.052112015178894355	0.14780745687773245	0.12000000000000001	0.013
36.57242851655608	8.402942072724642	0.048207336096956925	0.04205311442723734	0.15191933662758786	0.12000000000000001	0.013
36.55221588625328	7.920508019898076	0.05920070276991586	0.0312855091800442	0.15526392256807067	0.12000000000000001	0.013
36.64250880509413	8.523517096859287	0.06980394818773726	0.028087568153206247	0.1585308749490971	0.12000000000000001	0.013
36.44183125562031	7.6946111276805205	0.026567632284992	0.052093790411781374	0.1452720280873989	0.12000000000000001	0.013
36.36002678116325	6.224082634325278	0.05251733818132565	0.02444502314600001	0.15315413267204736	0.12000000000000001	0.013
36.623385727629575	8.473721601733969	0.06456073303022009	0.031340044796149116	0.15692494016264108	0.12000000000000001	0.013
36.58339993844168	9.304826913547933	0.01761730637046043	0.06905109922273722	0.14259579636298397	0.12000000000000001	0.013
36.38352099538813	6.7813274786287705	0.039874350312867374	0.03684464506901687	0.14930776431990878	0.12000000000000001	0.013
36.389897458686	6.534266029802065	0.05176640071512112	0.0270457053261084	0.15293632383005373	0.12000000000000001	0.013
36.50377095737697	7.168532870059571	0.06999476286504035	0.01884083125080457	0.15853717753795413	0.12000000000000001	0.013
36.44401396818431	6.580348745560522	0.07025265357254183	0.014707142872978649	0.15859346837034313	0.12000000000000001	0.013
36.38623471988307	6.632550169311843	0.04661402472436345	0.03123229108265556	0.1513638695526792	0.12000000000000001	0.013
36.34219206465308	6.630245262792495	0.030214817097419955	0.04243739455156368	0.1463468829436606	0.12000000000000001	0.013
36.603757144960774	9.32273572713328	0.024549276411466748	0.06442861846775635	0.14471713503770575	0.12000000000000001	0.013
36.573200441747574	7.912451260859529	0.06736647561469256	0.025644146633928964	0.15776171228441452	0.12000000000000001	0.013
36.429684901906185	6.373580693786687	0.07284317994580514	0.011543549926424514	0.15937802438454265	0.12000000000000001	0.013
36.33939443763689	6.917625178658966	0.018111413940548715	0.05265220338217664	0.14265521516184376	0.12000000000000001	0.013
36.58800992153841	8.871889013931696	0.03599909227480208	0.053561219087483125	0.14820257327548547	0.12000000000000001	0.013
36.5518442021521	8.765209856000407	0.026564193239913103	0.05929900880364154	0.14531211911562045	0.12000000000000001	0.013
36.54107427932471	8.728831565683448	0.023931892362181472	0.060855323884433564	0.14450543919689263	0.12000000000000001	0.013
36.40604698968935	6.893904759069288	0.043976146538557734	0.034795534887972684	0.15056692528138108	0.12000000000000001	0.013
36.36810084467139	6.300151996769119	0.052613417912374	0.024891069733790138	0.1531864490363662	0.12000000000000001	0.013
36.689330938782575	9.41243070333995	0.05313408008578378	0.04547387786492152	0.1534653365519147	0.12000000000000001	0.013
36.28565461150939	6.103894527145934	0.029299124839556556	0.039522699099820265	0.1460465237802073	0.12000000000000001	0.013
36.51027053494588	7.602656665964378	0.05572634685206729	0.03152425386555299	0.1541888214685545	0.12000000000000001	0.013
36.44503602590197	7.644813611629281	0.029683185254963426	0.04962704527955894	0.1462232342948564	0.12000000000000001	0.013
36.32430693130675	6.594180556899384	0.02490678990610751	0.04582659583967193	0.1447216483268639	0.12000000000000001	0.013
36.35550180735099	7.1366462160043405	0.015715219406090844	0.055765267932718694	0.14193058064738803	0.12000000000000001	0.013
36.568390008513404	7.705375540946877	0.07353224996135627	0.02003223960335653	0.15964000776631515	0.12000000000000001	0.013
36.2690455389825	6.256755581348923	0.017200454913265547	0.04882924191676164	0.14235113444322306	0.12000000000000001	0.013
36.610771608272486	8.570036856374067	0.05613305019280346	0.037754403541784436	0.15435041787814086	0.12000000000000001	0.013
36.61915989270221	9.271068380869918	0.03230322069816701	0.05877562884636675	0.14708726088981805	0.12000000000000001	0.013
36.73122128957712	9.810472855844075	0.05350274587692068	0.04789961250589253	0.15359341673044405	0.12000000000000001	0.013
36.30479755845546	6.556715212403253	0.019044595062656638	0.04958554451674328	0.14292682714350466	0.12000000000000001	0.013
36.6955447641736	8.99898675837504	0.07136631173456402	0.03021747832775741	0.15902711050110302	0.12000000000000001	0.013
36.42107945479598	7.596958223760769	0.02255585554634997	0.05418171725447524	0.14404097971905758	0.12000000000000001	0.013
36.52141955015874	7.390371137436413	0.06806715871150379	0.02165223246920625	0.15795600395724083	0.12000000000000001	0.013
36.55980513001126	8.803288500876297	0.028079498036271203	0.05851840081024415	0.14577714936632263	0.12000000000000001	0.013
36.58401273581601	8.70123444171422	0.041068121087673444	0.048944760893130095	0.14974674852179445	0.12000000000000001	0.013
36.37609219933866	6.436726079365765	0.05035079730131444	0.027358047137611186	0.15249950944695742	0.12000000000000001	0.013
36.28324970507187	6.167263969188524	0.025960871158505282	0.042233130122615474	0.1450277098283121	0.12000000000000001	0.013
36.450774391164494	7.363236741484426	0.04266423334493968	0.038850779413865125	0.15018361703182023	0.12000000000000001	0.013
36.301001272466586	6.2575071202810255	0.02913454347641225	0.04066879629783049	0.14600207785571778	0.12000000000000001	0.013
36.342662721726384	6.030009888104406	0.05348326570778657	0.022478420309636843	0.15344217409322594	0.12000000000000001	0.013
36.4925927438895	7.836830717085526	0.04009931641925319	0.043792024134489696	0.1494171496626463	0.12000000000000001	0.013
36.562315403788936	8.698754083631016	0.03304089595210984	0.05442043427789055	0.14729093882220226	0.12000000000000001	0.013
36.49827775790441	8.474536625300296	0.017693748922089223	0.06341269821501266	0.14258727385487607	0.12000000000000001	0.013
36.492095001662065	7.296117503368635	0.060715297139936855	0.02604837080530642	0.15570327679129647	0.12000000000000001	0.013
36.48562091037773	6.927055110767019	0.07249021222497193	0.015508768650592681	0.15929131339409014	0.12000000000000001	0.013
36.423587171210706	7.304935444775904	0.03472934749525835	0.04388771585654807	0.1477539108629921	0.12000000000000001	0.013
36.53472633298558	8.556491250630218	0.02818574039470451	0.05678528445407304	0.14580016694934703	0.12000000000000001	0.013
36.51708438038253	8.229085846223864	0.03417720879883688	0.05048307614499925	0.1476205139299039	0.12000000000000001	0.013
36.60221462943946	8.34637781450986	0.06153425495861965	0.03255405704866633	0.15599417649215674	0.12000000000000001	0.013
36.687872619289905	9.18674607836424	0.06127067904414904	0.03838830127864726	0.15594583786019933	0.12000000000000001	0.013
36.505977666493514	8.089618699093247	0.03538486029356012	0.048718461951106344	0.14798460281364634	0.12000000000000001	0.013
36.65477173154737	8.884468310878262	0.06050820433217716	0.036876309039976754	0.15570096262302105	0.12000000000000001	0.013
36.26130346963995	6.184115693595103	0.01709672233771451	0.048411504644477604	0.1423166086909662	0.12000000000000001	0.013
36.60660527143158	8.56279764842084	0.054851840149545625	0.038582324202835784	0.15395818780243348	0.12000000000000001	0.013
36.45951754875397	7.4671101367533605	0.04194111962781245	0.04004439412495205	0.1499663916262674	0.12000000000000001	0.013
36.51042785966695	7.42359660956746	0.06267404088384289	0.0255658305492335	0.15630740096262674	0.12000000000000001	0.013
36.608848236298265	9.577357101988754	0.016659393477511556	0.071540070977936	0.14231322192382176	0.12000000000000001	0.013
36.68811823267542	9.500189160998804	0.04930384641247448	0.04868501627841394	0.1522969517776822	0.12000000000000001	0.013
36.797639612963906	9.912534505747772	0.07444070502712934	0.03426017167223174	0.16000274636940162	0.12000000000000001	0.013
36.4941481209253	7.222442788903062	0.0643183195812267	0.0230874479032124	0.1568026936172399	0.12000000000000001	0.013
36.44184852522638	7.586698349729175	0.03072571727279349	0.04852273472275901	0.1465399356534397	0.12000000000000001	0.013
36.6310864018007	9.622009995963735	0.023266624324679294	0.06731971328320492	0.14433624312113366	0.12000000000000001	0.013
36.46468192621772	7.063398822815155	0.05940604446035435	0.02537847869780472	0.1552938026459091	0.12000000000000001	0.013
36.46543847885045	6.888965075327903	0.06640008311846422	0.019419470892574894	0.15742673782531344	0.12000000000000001	0.013
36.67395953716411	9.794966567907984	0.03266269843416387	0.06205439505962733	0.14721736687687287	0.12000000000000001	0.013
36.59759885949093	9.273654193685916	0.024132114910847376	0.06438383238234532	0.14458762945416265	0.12000000000000001	0.013
36.612407542749885	8.375379337276136	0.06423434455787218	0.030901729751893068	0.15682131106412142	0.12000000000000001	0.013
36.3971759118685	6.622584977239974	0.051093368456743886	0.02810040493078182	0.15273382174702013	0.12000000000000001	0.013
36.66304363022693	9.973506222864348	0.021707424474849458	0.07075137001660571	0.1438727557186512	0.12000000000000001	0.013
36.73599494170144	9.627090147602114	0.06234491698882548	0.0406158741564074	0.15629139459067892	0.12000000000000001	0.013
36.36083626499194	6.882118845182015	0.02750441174758621	0.04598647551964723	0.1455273865753098	0.12000000000000001	0.013
36.60675693702969	9.2854428090371	0.027107016558892357	0.06242766764596702	0.14549817391469153	0.12000000000000001	0.013
36.58265735996443	8.849376696354039	0.03486139216396566	0.05418819213765836	0.14785365927151556	0.12000000000000001	0.013
36.55664790124324	7.867371061853702	0.06290416411624183	0.02839403997607079	0.1563948552510146	0.12000000000000001	0.013
36.282910475835585	6.135342489661314	0.02706195975212973	0.041264982943498514	0.14536333162891318	0.12000000000000001	0.013
36.60316601550743	8.713671098426945	0.047759911865104095	0.04444979874178964	0.15179440049326015	0.12000000000000001	0.013
36.34716243926194	6.606525300988803	0.032988089102548544	0.04038029053970555	0.14719437962443377	0.12000000000000001	0.013
36.64247071827949	9.33062777159049	0.03873853168678919	0.05477319077712724	0.14905826067102176	0.12000000000000001	0.013
36.44149144313625	6.991544200436909	0.05348880718665664	0.028943721207413224	0.15348082112626052	0.12000000000000001	0.013
36.58371868049415	7.834415724345471	0.07430628385208396	0.02037080028150135	0.15988176170361443	0.12000000000000001	0.013
36.39182696226784	6.962705404438432	0.03600581520009187	0.04071185099869173	0.14813126004325347	0.12000000000000001	0.013
36.62513170784096	9.251939117483653	0.03527478032393313	0.056613738838426415	0.14799559477404614	0.12000000000000001	0.013
36.42340564577376	7.48431765267728	0.027760199831829042	0.04986298550280809	0.14562878058561246	0.12000000000000001	0.013
36.66693536905447	9.93113564447668	0.024794423024687474	0.06835412987755739	0.14481551188383615	0.12000000000000001	0.013
36.41824480988399	7.037838620660805	0.0430051200042789	0.03642829789042207	0.15027539711796195	0.12000000000000001	0.013
36.46626691651028	7.503146673900122	0.0430814267196814	0.03950662673168247	0.15031662290200315	0.12000000000000001	0.013
36.47758915692092	8.084093492610254	0.02496985614916984	0.0558074080575447	0.14479819911154562	0.12000000000000001	0.013
36.46106385058944	6.727280780193053	0.07098270745242613	0.0151961697271602	0.15882245538599413	0.12000000000000001	0.013
36.782460401152136	9.820778917714103	0.07228821050930308	0.035115623159523296	0.15934072219671722	0.12000000000000001	0.013
36.6800095528268	8.87548340061973	0.07030194469045155	0.030114819549378558	0.1586967496974435	0.12000000000000001	0.013
36.54084776943082	8.125792678616019	0.04704720509784719	0.04098226604553672	0.15155377479105048	0.12000000000000001	0.013
36.44481503089167	6.821780020355093	0.06126419782496605	0.02248151569506793	0.1558529694532009	0.12000000000000001	0.013
36.37694737896807	6.084568395521126	0.06421915260888164	0.015499811303720919	0.15672862762411766	0.12000000000000001	0.013
36.26601385229384	6.1625125994517544	0.01969122319716167	0.04649096086647876	0.14310949648248592	0.12000000000000001	0.013
36.58447736437703	7.939776786848019	0.0705368556938497	0.023658762854861577	0.15873265521512053	0.12000000000000001	0.013
36.320220927422135	6.059828516830169	0.04393473595498363	0.0292122994916967	0.150522203271111	0.12000000000000001	0.013
36.40099722130311	6.62732853319466	0.05234142617634499	0.027278377180829986	0.15311581384996173	0.12000000000000001	0.013
36.566433587295414	8.145255366268705	0.05587678617981571	0.03507186254097989	0.15425569641815925	0.12000000000000001	0.013
36.59182931955758	9.173957892278123	0.025807735964533972	0.06256659931713905	0.14509640947535532	0.12000000000000001	0.013
36.4994931537686	8.088177668439105	0.03301274660307162	0.05033180650310188	0.14725886283013168	0.12000000000000001	0.013
36.35087183409713	6.742764324067068	0.02913535726450444	0.04393299425030715	0.14602097524796484	0.12000000000000001	0.013
36.51961065467589	7.704110759422459	0.05531978824743831	0.03248499951877092	0.15406834464138397	0.12000000000000001	0.013
36.35458269088994	6.99927602851232	0.020656042669375815	0.05146046362715416	0.14343681396103863	0.12000000000000001	0.013
36.618554066102824	8.716748002018784	0.05340223356882285	0.04060992944129452	0.1535206358348257	0.12000000000000001	0.013
36.43837018818657	7.599095984383695	0.02894659946358446	0.04982344658140653	0.14599613868589267	0.12000000000000001	0.013
36.575555154248434	7.9958561094191385	0.06503923876018364	0.02779761904343296	0.15705296179340705	0.12000000000000001	0.013
36.40306265384812	7.547383524825529	0.017718293443496583	0.057158124821881734	0.14255915209730252	0.12000000000000001	0.013
36.362159319032116	7.185065824898224	0.016344737623520837	0.05566030266809389	0.1421250256389571	0.12000000000000001	0.013
36.49005265906958	7.963312633123104	0.03428239431676697	0.048623014797021476	0.14764247895460114	0.12000000000000001	0.013
36.70264851304189	9.94968756052286	0.037450326031719744	0.05981956570441499	0.1486879591474456	0.12000000000000001	0.013
36.428487399522886	7.056677780784009	0.046114772886851806	0.0344273693739806	0.15122743605945996	0.12000000000000001	0.013
36.547157966755854	7.6875349158418365	0.06627015179225916	0.02488105827864423	0.15741767785959182	0.12000000000000001	0.013
36.33912574981687	6.022888916362524	0.05243311698853478	0.02314904044937182	0.15312063558036332	0.12000000000000001	0.013
36.62314611783895	8.80695242664635	0.05165097750767146	0.042415052979279125	0.15298835253746768	0.12000000000000001	0.013
36.391432868434784	6.226118212248628	0.06419626072790738	0.01646780522653386	0.1567270642265179	0.12000000000000001	0.013
36.567847406682475	8.652019033158375	0.036909856448046605	0.05145879910232445	0.14847274755948048	0.12000000000000001	0.013
36.66585605329543	9.050366125746805	0.05827532954752134	0.039520220559007696	0.1550242498830407	0.12000000000000001	0.013
36.348667627293366	6.7759900667485535	0.027031926100181975	0.04559573582036024	0.14537876372611902	0.12000000000000001	0.013
36.463570722703146	6.8217472542834034	0.06828687051695287	0.017676265789440353	0.1580013666779675	0.12000000000000001	0.013
36.38180140378617	6.092685193518243	0.06572404403175788	0.01452474844746089	0.1571893207484561	0.12000000000000001	0.013
36.34922742428353	6.025476934518626	0.05611523049269256	0.020647089036755766	0.15424717897415335	0.12000000000000001	0.013
36.435022739195574	7.010701392118991	0.05033015698172879	0.031233809599736147	0.15251525296714322	0.12000000000000001	0.013
36.34951879429583	6.036804213103955	0.055788525246283575	0.020946834830174902	0.1541476675679218	0.12000000000000001	0.013
36.3311378255787	6.831321816997299	0.018340717401373625	0.05191467103074628	0.14272204777133468	0.12000000000000001	0.013
36.53708783150426	7.488911835573114	0.07014170539147808	0.020895763630873556	0.1585944428299408	0.12000000000000001	0.013
36.529945437225514	7.751107916133076	0.05738066030368063	0.03139110805589069	0.15470061931103923	0.12000000000000001	0.013
36.637823085853185	8.70672752451112	0.06100132375502522	0.03534308892300165	0.15584498871466246	0.12000000000000001	0.013
36.64764959156831	8.82629590508705	0.060079956647507225	0.0367779459605797	0.15556771615635906	0.12000000000000001	0.013
36.61467540111695	9.39603242042656	0.025816782968258567	0.0640545011380725	0.1451077114883503	0.12000000000000001	0.013
36.4833451889333	8.16515121836637	0.024006241446479504	0.05701207633778887	0.14450652206928224	0.12000000000000001	0.013
36.39467657952638	7.283954362854108	0.024713514189986015	0.050599557280094624	0.14468902881095552	0.12000000000000001	0.013
36.324316663314725	6.675791250149064	0.021770706972287848	0.048521423318677086	0.14376538410770592	0.12000000000000001	0.013
36.56764569158395	9.057802152078176	0.021223055716160174	0.06492203131153275	0.14368938556949043	0.12000000000000001	0.013
36.36793818047977	6.608825671112958	0.04067723045930046	0.03513472876120267	0.14954675473649753	0.12000000000000001	0.013
36.6911914053073	9.277828598335596	0.05900897902155815	0.04054858678958877	0.15525743165928943	0.12000000000000001	0.013
36.43727398320592	6.949493358827267	0.05352773163210171	0.028634175219498285	0.15349111300311524	0.12000000000000001	0.013
36.472053882043866	8.279042645178123	0.015397578477131661	0.063668515168449	0.14187730921650432	0.12000000000000001	0.013
36.75945691595178	9.643265977036167	0.07050586442236068	0.035140847310277806	0.15878863936022464	0.12000000000000001	0.013
36.640807456663985	9.191871167300816	0.043454113747860276	0.050613172595348435	0.1504955341959121	0.12000000000000001	0.013
36.61292690513806	9.656794263238496	0.015130184646105075	0.07312082519623624	0.14184845423899364	0.12000000000000001	0.013
36.37983674071687	7.333753231270951	0.01724218550264584	0.05604660570339527	0.14240528982101575	0.12000000000000001	0.013
36.58226087161822	9.344320087283702	0.01567150220895743	0.07064815633239283	0.1420020474552231	0.12000000000000001	0.013
36.50409815308265	7.25012929381265	0.06697807514739111	0.021453870533550422	0.15761743853670013	0.12000000000000001	0.013
36.723670232768995	9.95118999038684	0.045262250668194934	0.0544846251132862	0.1510778658481788	0.12000000000000001	0.013
36.44693137149033	6.5907422902910495	0.07094495714113304	0.01430338383250198	0.15880565951554318	0.12000000000000001	0.013
36.533332619032926	8.869112589182166	0.01563682057705835	0.06747474458809485	0.14197317531412626	0.12000000000000001	0.013
36.44127336256691	7.24535432028358	0.043642584388342114	0.03738827596070782	0.1504783870894109	0.12000000000000001	0.013
36.55665088504911	7.68086137576833	0.07008068094514783	0.022228932042767966	0.15858315065752643	0.12000000000000001	0.013
36.6345691672535	9.368428763081168	0.03432621427099871	0.058046492471342394	0.14770988311160285	0.12000000000000001	0.013
36.73017069838414	9.73948501769376	0.05584048859387556	0.04582249203113411	0.15430585839422406	0.12000000000000001	0.013
36.3289240417591	6.503167664750496	0.030136706665863287	0.04163587551680175	0.14631810355827118	0.12000000000000001	0.013
36.35070207745865	6.232712790800089	0.04869450718541782	0.02711873039800782	0.15198497164773622	0.12000000000000001	0.013
36.62973913595996	9.250584794070763	0.037051728335019525	0.05538880972201113	0.14853915234449336	0.12000000000000001	0.013
36.666310391922224	9.59521418690177	0.037484024350314726	0.05741165258996757	0.14868464583215427	0.12000000000000001	0.013
36.5135313274451	7.34776249320245	0.06675335004985493	0.022264496140245834	0.15755244196043824	0.12000000000000001	0.013
36.5861611453423	9.104836680984228	0.026345019728060144	0.06173394125534419	0.1452581207138564	0.12000000000000001	0.013
36.41048424324601	7.4693598596851905	0.023498378142673512	0.05267836047244326	0.1443244156398516	0.12000000000000001	0.013
36.53651436434567	7.747766380932287	0.05996837036028853	0.029598072330290447	0.15549213143019885	0.12000000000000001	0.013
36.30737333226821	6.3114338376217	0.029445329999954542	0.040818963752831124	0.1460992270665836	0.12000000000000001	0.013
36.32907115220245	6.226569797630845	0.04083305108012136	0.032456340066744006	0.14957973378483133	0.12000000000000001	0.013
36.691637034037484	9.000427310385263	0.0698479864429092	0.03126603361414338	0.1585626749336603	0.12000000000000001	0.013
36.72542129509032	9.412702821245674	0.06663445723919684	0.03623852605187503	0.15759542555378572	0.12000000000000001	0.013
36.54439455033349	8.873782527916463	0.019598321794416704	0.06479563837788549	0.14318526989865574	0.12000000000000001	0.013
36.5920354953101	8.306179811911408	0.059270074678482505	0.03383279930815229	0.1552999664121074	0.12000000000000001	0.013
36.29260129860011	6.133814401451657	0.030748620952437692	0.03873222723043555	0.14649110808647187	0.12000000000000001	0.013
36.64916938138241	9.38062438524246	0.03932278489924064	0.05470980648874438	0.14923891865183603	0.12000000000000001	0.013
36.5042789745817	8.364209863890927	0.024184865091754444	0.05822910278403572	0.14456881701022983	0.12000000000000001	0.013
36.52271084182753	7.947524996252225	0.047115748060734174	0.039736003308384144	0.151567892845921	0.12000000000000001	0.013
36.57218804566578	8.30772707967397	0.051780423798276895	0.03896775285060622	0.15300876792920598	0.12000000000000001	0.013
36.265376500934345	6.266728023375182	0.015443247955943719	0.05009864558852721	0.14181394731338332	0.12000000000000001	0.013
36.40509680384172	6.987850185333089	0.04000616535969644	0.03814391608360391	0.1493560262686461	0.12000000000000001	0.013
36.28127291888736	6.425871785875822	0.015271679417045853	0.05128673660091737	0.14176757641259977	0.12000000000000001	0.013
36.472776443589034	7.518220508816315	0.04493842364104743	0.03833745358274901	0.15088530062519542	0.12000000000000001	0.013
36.39087150918448	7.206155508616533	0.026282118872054103	0.04900287010702811	0.14516591156052366	0.12000000000000001	0.013
36.55484631150231	8.93705528277436	0.021076831423029907	0.06420970932993808	0.14364001186370534	0.12000000000000001	0.013
36.48753714290899	7.759870789694084	0.04116749517271944	0.04254338090853359	0.14974097275205397	0.12000000000000001	0.013
36.69835768398499	9.547812734767849	0.051304930592181684	0.04763624713712745	0.1529109600221935	0.12000000000000001	0.013
36.40004570000459	6.895717926770313	0.041659737528028415	0.036392659244395074	0.14985835171051878	0.12000000000000001	0.013
36.597673481633734	9.43121683691651	0.01809830127736672	0.06957233140229976	0.14274780102790083	0.12000000000000001	0.013
36.34742744939965	6.293536433531232	0.045128605045067105	0.02996779443746863	0.15089641691622327	0.12000000000000001	0.013
36.603400691511055	8.963767499988316	0.03822605792693337	0.05265564005526146	0.14888738461865905	0.12000000000000001	0.013
36.58542512047325	8.421588934203871	0.052355384477583755	0.03934040467689113	0.15318903744994056	0.12000000000000001	0.013
36.78015120818866	9.85448987786194	0.07012680926667506	0.03682129330874137	0.15868079493007334	0.12000000000000001	0.013
36.557191159571346	8.8029297992309	0.02711472766413264	0.05917609944174792	0.1454819899444517	0.12000000000000001	0.013
36.664209208238226	9.666423470652234	0.03395785847159399	0.060303401818826964	0.14760864646506153	0.12000000000000001	0.013
36.63402177580413	8.986572693929412	0.04881205687298035	0.04556595423337334	0.15212676366717756	0.12000000000000001	0.013
36.474249411472805	6.8850433353433935	0.06984943573573385	0.017032981444669797	0.15848182409434347	0.12000000000000001	0.013
36.31056261080493	6.524004467420144	0.02246125732432132	0.04702773323319047	0.1439708063128888	0.12000000000000001	0.013
36.60876358799289	8.490839938835279	0.058428187823020665	0.035651204432265715	0.1550495101826201	0.12000000000000001	0.013
36.578654116445556	8.899613933024717	0.03143000448945386	0.056873995017641885	0.14680584879987146	0.12000000000000001	0.013
36.42652360300952	6.456680059505215	0.0684627123851333	0.015099821681607872	0.15804113125127553	0.12000000000000001	0.013
36.24896806489898	6.092095983476531	0.016019001488841236	0.04852980112841627	0.1419833725653171	0.12000000000000001	0.013
36.31769534284153	6.506334251716264	0.025811287263260495	0.04461670384744367	0.144994979116636	0.12000000000000001	0.013
36.5742561821222	8.910891532597956	0.029349714689716554	0.05837323829395293	0.14616987329107473	0.12000000000000001	0.013
36.51306715185617	7.29243900380104	0.06870798553708739	0.020554891944153317	0.15814828421653143	0.12000000000000001	0.013
36.52627796743868	8.80278615348096	0.015547539758975238	0.0670895953636142	0.14194331331570012	0.12000000000000001	0.013
36.753312542493575	9.718691948623249	0.06530385887053662	0.03920760330828241	0.1572001238093927	0.12000000000000001	0.013
36.43009324394765	6.55797061397411	0.0659021993722969	0.01753323849465427	0.15726170351976812	0.12000000000000001	0.013
36.25360868592689	6.054503726451184	0.019202521272120354	0.04609866755365182	0.14295584044575207	0.12000000000000001	0.013
36.651997228526824	8.713429744713693	0.0660497316970779	0.031933976010380206	0.1573896713802279	0.12000000000000001	0.013
36.64763661078944	9.055052612174494	0.05127437013262502	0.04434192357561835	0.15288267409591214	0.12000000000000001	0.013
36.37919653882419	7.107653121873317	0.025701040847129587	0.04873774060637123	0.14498436086624497	0.12000000000000001	0.013
36.539619616038884	8.62209200905817	0.027493805928279574	0.05770007189625643	0.14559100918232804	0.12000000000000001	0.013
36.50959394308803	7.689989994122522	0.0521131693848847	0.034584018590187164	0.15308682288518002	0.12000000000000001	0.013
36.576358211381645	8.352003109836712	0.05163818676767273	0.03936295784075076	0.15296695584997339	0.12000000000000001	0.013
36.53999517434155	8.938501315256595	0.015461503153202574	0.06806153906867693	0.14192220825618868	0.12000000000000001	0.013
36.445129863741634	7.657751932256538	0.029220551532239066	0.050030634503191555	0.14608220112688758	0.12000000000000001	0.013
36.353327384758025	6.985520814955628	0.02071529468323005	0.0513273789160573	0.14345441191367478	0.12000000000000001	0.013
36.525628893079706	8.508943157815052	0.026609277608763464	0.05754402840249457	0.1453160631400187	0.12000000000000001	0.013
36.476786434133096	7.107628385155551	0.06223590873884036	0.023739809909129276	0.15616122351628176	0.12000000000000001	0.013
36.53581804580827	7.704352633437516	0.06137790888836433	0.02834155991620112	0.15592167357308614	0.12000000000000001	0.013
36.5739749714238	8.169666739988362	0.057760837078928776	0.033947000499626845	0.15483300942236564	0.12000000000000001	0.013
36.537382045921355	8.278530530835834	0.039873641090354385	0.04691814058805597	0.14936508486944414	0.12000000000000001	0.013
36.478372289470386	8.325789597073067	0.015964499511926723	0.06359512649305116	0.14205253999760295	0.12000000000000001	0.013
36.68192355032693	9.82267872519442	0.03457797771398731	0.06093037333370076	0.14780436021627555	0.12000000000000001	0.013
36.51841243874673	8.640125687912246	0.01886086000100546	0.06372820560676701	0.1429506837959188	0.12000000000000001	0.013
36.65979745543273	9.851800742539552	0.025174433749581615	0.06756036410648962	0.1449287171393422	0.12000000000000001	0.013
36.683750865603606	9.022853659968115	0.06603292083450099	0.03402724686230335	0.15739641970925847	0.12000000000000001	0.013
36.628150473476715	9.051283550975416	0.044124510524368464	0.04920861862734213	0.15069522133882576	0.12000000000000001	0.013
36.66380182330098	9.732134912551192	0.03127729886805237	0.06257958432097932	0.14679112639130534	0.12000000000000001	0.013
36.62385397536922	8.223493861741511	0.07436278752660654	0.022949812570059427	0.15991399976220982	0.12000000000000001	0.013
36.797164763109436	9.91768138348452	0.07406492878522956	0.03455191162952783	0.15988798549451125	0.12000000000000001	0.013
36.53511037084323	8.342382365779347	0.03656670550603304	0.049610388732234674	0.14835587038819628	0.12000000000000001	0.013
36.7287030660166	9.27046991167982	0.07333501034372124	0.03069696948465411	0.15963981417254167	0.12000000000000001	0.013
36.533893174312766	8.417727589298597	0.03321235267847913	0.05241240674179547	0.1473325915632412	0.12000000000000001	0.013
36.552786783027166	7.7243846576889155	0.06695968175087062	0.02465719124529122	0.157630037204882	0.12000000000000001	0.013
36.49797701044182	8.165095607094734	0.029485974063820697	0.05326237799403786	0.14618289725513256	0.12000000000000001	0.013
36.39852833066476	7.011020261696938	0.03665578169534823	0.04059218992529823	0.1483319566117501	0.12000000000000001	0.013
36.408049261232435	7.1078555489700435	0.03649460642876042	0.04135396541955582	0.14828637073919912	0.12000000000000001	0.013
36.72150065917412	9.688943303475163	0.054539198835561686	0.04637281727614862	0.1539058213524572	0.12000000000000001	0.013
36.67234725515858	8.702617420644675	0.07408397334245391	0.02636407017337732	0.15984711675512692	0.12000000000000001	0.013
36.40290098107714	6.341175557644505	0.06406299685699321	0.017333079194808258	0.1566907173711149	0.12000000000000001	0.013
36.46011999771126	6.618365599533316	0.07481954945407548	0.011838169781935335	0.1599920487482422	0.12000000000000001	0.013
36.41002458943279	6.181698340975395	0.07286520954445173	0.010237514466896377	0.15937738971048432	0.12000000000000001	0.013
36.49039107746191	7.035526215927804	0.07010288007150935	0.017872002159986425	0.1585651416533861	0.12000000000000001	0.013
36.556468942266704	7.939039424082066	0.06007994382472553	0.030808594986472437	0.15553361496472143	0.12000000000000001	0.013
36.49682660565994	8.00833465230966	0.03508621335728301	0.04837593141670306	0.14789011604189042	0.12000000000000001	0.013
36.30794385486181	6.50411391142896	0.02224612485597824	0.047041109068900445	0.1439042279061987	0.12000000000000001	0.013
36.31574263469721	6.71108065347963	0.0172032655304645	0.05188396577476538	0.14236945398991574	0.12000000000000001	0.013
36.40462674384835	6.229930499785861	0.06898887565758637	0.013214267012202187	0.15819338281575504	0.12000000000000001	0.013
36.397718760845876	6.418200503406232	0.059159668867107294	0.021206232751917038	0.15519363566359337	0.12000000000000001	0.013
36.69943225370513	9.266231436297735	0.06254020275907406	0.038054440401062865	0.15633726923670757	0.12000000000000001	0.013
36.51803071289445	7.651746187153151	0.0567428881924493	0.031158988036123048	0.15450169155608165	0.12000000000000001	0.013
36.76507543263207	9.95524825049737	0.06060664108691098	0.04401304148399146	0.15577222678560596	0.12000000000000001	0.013
36.65135932752102	9.169641044793746	0.048259566920980435	0.04717563989620006	0.15196477949174622	0.12000000000000001	0.013
36.28431175414589	6.045648689380776	0.031037244123062416	0.0379415776671788	0.14657601640112036	0.12000000000000001	0.013
36.41331434892811	6.603397287581206	0.05787316942230239	0.023332459772979236	0.1548071827529259	0.12000000000000001	0.013
36.639614232379856	9.667572325760563	0.024706243477534303	0.0666412400389462	0.14477840697581165	0.12000000000000001	0.013
36.4465016296269	7.471439144555803	0.036901912833013646	0.043521428295225026	0.14842494773520995	0.12000000000000001	0.013
36.417833896122936	6.558939262498358	0.06127550360109274	0.02070541765010839	0.15584632718138053	0.12000000000000001	0.013
36.34549223752944	6.621245091416837	0.03179652988077239	0.0412946082378259	0.14683041969904462	0.12000000000000001	0.013
36.668942794276234	9.844547586478248	0.028877141462750524	0.06497811150316492	0.14606118258304948	0.12000000000000001	0.013
36.52669088768242	7.344071935536109	0.07182176811984806	0.018771770548855357	0.1591028467938426	0.12000000000000001	0.013
36.66607443757915	9.114493342483295	0.055889982258164356	0.041583755400701715	0.15429698122256372	0.12000000000000001	0.013
36.339519231640345	6.844394402044001	0.02097546614153881	0.05019988297218681	0.14352858090965132	0.12000000000000001	0.013
36.41255599287717	7.697087734407534	0.015512816020533853	0.059674341893009096	0.1418901985255177	0.12000000000000001	0.013
36.53203440157178	8.116942118756128	0.044088316683619344	0.0429472411610583	0.1506482420596912	0.12000000000000001	0.013
36.47177714453472	7.397124594150894	0.04922312586360215	0.034591069645373236	0.15219143671255533	0.12000000000000001	0.013
36.4131885174431	7.288581447132402	0.03146566102500737	0.046010756603484394	0.14675484497865085	0.12000000000000001	0.013
36.6602127411444	8.92712662935323	0.060903959136521996	0.03689252729006912	0.15582367255742693	0.12000000000000001	0.013
36.494438584328314	8.38731210892177	0.019612210692043316	0.061513218230652686	0.14317082377517001	0.12000000000000001	0.013
36.53739191099278	7.734976111815952	0.06078895736501086	0.028950561591087363	0.155742676500323	0.12000000000000001	0.013
36.39780087851259	6.647131023359146	0.05038299663738492	0.028751596125142706	0.15251744583334087	0.12000000000000001	0.013
36.56826217914933	8.72664815142971	0.034194000258232465	0.053819129218758144	0.14764477214752175	0.12000000000000001	0.013
36.531055970698425	8.498346053140915	0.02904865921491423	0.05580366683126318	0.14606191931380103	0.12000000000000001	0.013
36.484375213122924	6.853072472535153	0.07487013064601955	0.01338264218646648	0.16001654249394237	0.12000000000000001	0.013
36.66903309845686	9.268615086942603	0.05106822042503768	0.04591979844768986	0.1528278153246872	0.12000000000000001	0.013
36.5985963644121	8.706595584919926	0.04632141877186472	0.0453864363990638	0.1513540601747894	0.12000000000000001	0.013
36.69510834461992	9.312611400883718	0.059137167141847136	0.04069489304811811	0.15529798408210377	0.12000000000000001	0.013
36.31896291891897	6.708619041330553	0.018503519642402596	0.05097774884117607	0.1427671372854631	0.12000000000000001	0.013
36.46729934779184	7.079979168749757	0.059748027778537126	0.025256038687558883	0.1553990604587894	0.12000000000000001	0.013
36.35754248778293	6.885692015130873	0.026133880831495555	0.04694825544477538	0.14510824669230474	0.12000000000000001	0.013
36.677715287693616	9.133737805450899	0.05950749745879618	0.03923806587031984	0.1554044026040119	0.12000000000000001	0.013
36.65468376517197	9.502712392540317	0.03669018955680837	0.05733246610569487	0.1484382385097511	0.12000000000000001	0.013
36.411056012400586	6.20258471327258	0.07244779434823316	0.010663638001807857	0.15925049538237038	0.12000000000000001	0.013
36.61528553038569	8.194890247129607	0.0722555282829726	0.024199192557752026	0.15926824103974122	0.12000000000000001	0.013
36.69111010097515	9.051316059628519	0.06769293116892192	0.033082931939102896	0.1579053491885125	0.12000000000000001	0.013
36.513428413906446	7.934567260126566	0.04413927280503784	0.041685379022933976	0.15065682205299374	0.12000000000000001	0.013
36.532012380702156	8.071314405874427	0.045835462079373245	0.04144483720795387	0.15118098089229473	0.12000000000000001	0.013
36.71609980983605	9.642787701297204	0.0542930259757766	0.04623072324842478	0.15382873760417712	0.12000000000000001	0.013
36.54397745471798	8.18908148121982	0.04578399277989362	0.04227237672204342	0.15116976102864085	0.12000000000000001	0.013
36.60582885579203	8.332995691294265	0.06340211975744245	0.031185999497635775	0.15656508538862482	0.12000000000000001	0.013
36.56431658795177	7.974517807612643	0.06165287735997401	0.02997106219160337	0.1560161752554347	0.12000000000000001	0.013
36.37442349843317	6.215611758626602	0.058232808798469884	0.020477412008914248	0.1549023021819038	0.12000000000000001	0.013
36.66172482165643	9.344183534059859	0.04542501275589029	0.05028939083159668	0.15110433128677533	0.12000000000000001	0.013
36.368473816038424	7.22699799521768	0.017095429002048412	0.05542878196927972	0.14235629099912256	0.12000000000000001	0.013
36.33424070082004	6.852489272007865	0.018687960725521098	0.051819493580198855	0.1428290910246714	0.12000000000000001	0.013
36.453613730557706	6.7907914833182605	0.06575028458704302	0.019203573198667157	0.15722417656954535	0.12000000000000001	0.013
36.501276893409035	8.019182458130798	0.03633489377585769	0.047594546298093676	0.14827253322923106	0.12000000000000001	0.013
36.6338420778201	9.823497748043835	0.01654660790823894	0.07327324675017295	0.14228817738751567	0.12000000000000001	0.013
36.392047115659324	7.049784967321169	0.03273810763890114	0.04353353216403637	0.14713493896591254	0.12000000000000001	0.013
36.73006439482723	9.792791578070425	0.05374988286507407	0.04761155966107372	0.1536683421764962	0.12000000000000001	0.013
36.31971516814752	6.439212919133476	0.029149724044704336	0.04188090525547492	0.14601370489802565	0.12000000000000001	0.013
36.613828086355525	9.622152536757381	0.016800288697770626	0.07174504666745228	0.1423580465287702	0.12000000000000001	0.013
36.64880804027295	9.492316155485227	0.03489050735421572	0.05849389391219032	0.14788727444867977	0.12000000000000001	0.013
36.665227937407266	9.780321926736715	0.02995733073347805	0.06380692517239778	0.14638916934623836	0.12000000000000001	0.013
36.443378393460264	7.990035973437257	0.015781238050458973	0.061461605197553455	0.14198357305273582	0.12000000000000001	0.013
36.49428754077027	7.43179688052537	0.05631624335358745	0.02997111184603179	0.15436271835041815	0.12000000000000001	0.013
36.50435856757005	7.830631974654913	0.044742467816773566	0.040573398294424357	0.15083735916632884	0.12000000000000001	0.013
36.67168081342077	9.528463682037108	0.042062529436897964	0.05382987352471537	0.15008275152531084	0.12000000000000001	0.013
36.4809393952757	8.066532817214421	0.02689965120090905	0.05436886397805115	0.14538789332722837	0.12000000000000001	0.013
36.54260956302485	8.61641846966103	0.0288313998585499	0.05674669696011852	0.14599999216011608	0.12000000000000001	0.013
36.6524960551425	8.64979209416194	0.0686847406686926	0.02970291223831927	0.15819333615482992	0.12000000000000001	0.013
36.406185285510595	6.251609147910992	0.06873831306422182	0.013531557561911208	0.15811756301655674	0.12000000000000001	0.013
36.62218186117531	8.401757796098531	0.06687864278103561	0.029269928169492282	0.15763127695557352	0.12000000000000001	0.013
36.51859326814278	8.201553747363864	0.03580129332502147	0.049186617699414924	0.14811630100231205	0.12000000000000001	0.013
36.372878994653945	6.961457815866885	0.02896041961562899	0.04552403420623032	0.14597586215453506	0.12000000000000001	0.013
36.505029996964915	7.504959287250312	0.05752310341537812	0.02963758639230442	0.15473473647076982	0.12000000000000001	0.013
36.58258714447306	8.878677332996837	0.03370785221385465	0.05517459467721659	0.14750189066523328	0.12000000000000001	0.013
36.433500921506564	6.366945777796819	0.07452700987583397	0.010346806529190435	0.1598928920407141	0.12000000000000001	0.013
36.42108400338374	7.374359086887996	0.031121391358406345	0.04682341374843101	0.14665282133640598	0.12000000000000001	0.013
36.3825056205398	6.518483015230831	0.04960638390524951	0.028417438443378146	0.15227491803992924	0.12000000000000001	0.013
36.36165100058685	6.334693089066815	0.04886997875922487	0.02768478156816707	0.15204257157576676	0.12000000000000001	0.013
36.473506293108244	7.82338693331727	0.033471290011827914	0.0482365818081105	0.14738896598723514	0.12000000000000001	0.013
36.50695682368152	8.518694192513475	0.01924402875608902	0.06264905801077301	0.14306323739392254	0.12000000000000001	0.013
36.40386412785358	6.693506894973446	0.05086867246396281	0.028731300186975683	0.15266780755995513	0.12000000000000001	0.013
