30.867111604986025	5.105257767724951	0.015308533000430663	0.16374438990931098	0.12444656749503685	0.102105155354499	0.011061391830070726
35.84587456727885	5.928718952308251	0.01777774871730617	0.19015581816980376	0.14451938703700787	0.11857437904616502	0.01284555773000121
29.847000339266504	4.936536734480718	0.014802609181732488	0.15833288594410436	0.12033379701277039	0.09873073468961434	0.010695829591374887
33.21730119280771	5.493966753599575	0.016474108688977602	0.17621171646560968	0.13392179896177833	0.1098793350719915	0.011903594632799079
48.88168726249836	8.084773748511688	0.024242855377948826	0.25930842383200564	0.19707571835782522	0.1616954749702338	0.017517009788441992
53.06005580657234	8.775853909786177	0.026315115768344107	0.2814739058771456	0.21392159722377171	0.1755170781957235	0.019014350137870048
44.457296334704594	7.353002780089678	0.022048580274022903	0.23583783797145935	0.17923795396748385	0.14706005560179355	0.015931506023527636
45.75051247819839	7.566893922429427	0.022689950359527044	0.2426981134370479	0.18445179814398185	0.15133787844858854	0.016394936831930426
27.531439612064005	4.5535551798580345	0.013654207664268975	0.14604925916923997	0.1109981783123762	0.0910711035971607	0.009866036223025742
30.58864624953347	5.059201063840264	0.015170428206630202	0.16226718205381177	0.12332388202657348	0.10118402127680526	0.010961602304987238
47.054415533130076	7.782552623662588	0.02333662061495046	0.24961508101610025	0.1897087286144807	0.15565105247325176	0.01686219735126894
39.70554048948102	6.5670873776507435	0.019691948655959246	0.21063064100948503	0.16008035632504575	0.13134174755301486	0.014228689318243278
30.30240792959497	5.011858752548314	0.01502846841386302	0.16074874004126444	0.12216985838944963	0.10023717505096628	0.010859027297188014
26.89934173210923	4.4490095180255125	0.013340718945965222	0.14269609535395614	0.10844975679215352	0.08898019036051025	0.00963952062238861
32.40693406407279	5.359936296470097	0.016072207400270627	0.17191286684225124	0.13065465142713245	0.10719872592940193	0.011613195309018541
54.37489213801922	8.993320917399606	0.026967208378359076	0.28844887249140394	0.2192226072554294	0.1798664183479921	0.019485528654365813
37.69976724348626	6.235343041625614	0.01869718612940254	0.19999038024699814	0.15199370413575874	0.12470686083251228	0.013509909923522164
32.30752777572314	5.343495019675158	0.016022906886988854	0.17138553463678713	0.1302538762742497	0.10686990039350318	0.01157757254262951
46.69157273172594	7.72254033440024	0.023156668856899997	0.24769026621939239	0.1882458595986531	0.15445080668800482	0.016732170724533854
44.520655531955846	7.36348205777731	0.022080003245320206	0.2361739469418037	0.17949339849102927	0.1472696411555462	0.01595421112518417
24.326450041397482	4.023466776689152	0.012064694228853836	0.12904737481314998	0.0980766599004489	0.08046933553378303	0.008717511349493163
46.68282945901456	7.721094243120425	0.023152332633914804	0.2476438847544124	0.18821060944983686	0.1544218848624085	0.01672903752676092
41.01565761186798	6.783773852928691	0.02034170077592288	0.2175805730815335	0.1653623399775491	0.13567547705857383	0.014698176681345498
33.44387140572557	5.531440274097267	0.01658647610533173	0.17741363006739494	0.13483525940002974	0.11062880548194533	0.011984787260544076
40.256085955127325	6.658144699467746	0.019964991483449653	0.21355118416050103	0.16229998394444933	0.13316289398935494	0.014425980182180116
53.724999326914975	8.885832067631668	0.026644894270293224	0.28500130981619975	0.21660244212250007	0.17771664135263338	0.01925263614653528
48.70270316514684	8.055170721024158	0.0241540882786517	0.25835894588281	0.19635411029690142	0.16110341442048315	0.017452869895552343
40.57035059298117	6.710122416205761	0.020120850918599314	0.21521830067123854	0.16356700095486712	0.1342024483241152	0.014538598568445813
39.785080529762254	6.580242881595769	0.01973139651059153	0.21105258639705088	0.16040103696138422	0.13160485763191537	0.014257192910124165
50.69802568088606	8.385186561280126	0.02514366776926282	0.2689437674298722	0.20439862840105724	0.1677037312256025	0.018167904216106937
46.787421028472295	7.738393138114098	0.023204204785513837	0.248198723929185	0.18863229003901874	0.15476786276228197	0.016766518465913878
32.32734088656134	5.34677200390692	0.016032733192248395	0.17149063957138302	0.13033375655805365	0.10693544007813839	0.01158467267513166
27.693533011639747	4.58036457485006	0.013734597828023469	0.14690913505142558	0.11165168834755368	0.09160729149700121	0.009924123245508464
40.364687854772875	6.676106881963163	0.020018852556876826	0.21412729740452663	0.16273783293425076	0.13352213763926327	0.01446489824425352
47.27088645551403	7.818355774671014	0.023443979291763516	0.250763419726002	0.19058147186295546	0.15636711549342025	0.01693977084512053
49.793054028435606	8.235509013948572	0.02469484740073336	0.26414305808550365	0.20075006493101172	0.16471018027897144	0.01784360286355524
24.623314223503133	4.072566549646509	0.012211923914176151	0.13062218508392906	0.09927352369995332	0.08145133099293016	0.008823894190900768
40.79888781853999	6.747921270239448	0.020234193874172007	0.21643064891585512	0.16448839177463662	0.13495842540478897	0.014620496085518804
34.727798692193325	5.743795088383639	0.01722323938550437	0.18422462984285243	0.14001165380190572	0.11487590176767279	0.01244488935816455
45.70881461547876	7.5599973154429625	0.022669270319371177	0.2424769138904584	0.18428368536576847	0.15119994630885927	0.016379994183459753
25.20537474301874	4.168836295470833	0.012500596621401823	0.1337099098402353	0.10162021018798849	0.08337672590941665	0.009032478640186805
31.91124449347876	5.277951850920398	0.015826370334382608	0.1692833241963427	0.12865618566872464	0.10555903701840795	0.011435562343660862
54.0574340609872	8.940815022632538	0.02680976515818724	0.28676481536903303	0.21794271529418	0.17881630045265076	0.0193717658823705
43.957037170491596	7.2702625478108205	0.021800476919807705	0.2331840544659317	0.17722106503271912	0.14540525095621637	0.015752235520256775
38.330460800650926	6.339656435861339	0.01900997837431913	0.20333609438634703	0.15453646386445657	0.12679312871722678	0.013735922277699568
35.93276779261594	5.943090634352619	0.0178208433814461	0.19061677086120418	0.14486971342226085	0.11886181268705238	0.012876696374430674
52.32811098507427	8.654794089440188	0.025952107994964006	0.27759107227168045	0.21097062397441552	0.17309588178880375	0.01875205386045374
43.480801415636385	7.191495660974857	0.021564287966902757	0.23065771075973365	0.17530103099232755	0.14382991321949715	0.01558157393211219
37.74819029475392	6.243351959394948	0.018721201524422394	0.2002472556906366	0.15218893077681983	0.12486703918789895	0.013527262578689053
52.19532816291986	8.632832509655874	0.02588625440163633	0.2768866836498244	0.2104352850463394	0.17265665019311746	0.018704470437587727
40.50238073711208	6.698880559854329	0.020087141292803444	0.21485773299895547	0.16329296769369625	0.13397761119708657	0.014514241213017712
51.385036100382024	8.498814468080228	0.02548439034198303	0.2725882322389324	0.20716844015518932	0.16997628936160453	0.018414098014173826
28.06918199662753	4.642494939462377	0.01392090080825895	0.14890188431329485	0.1131661879017385	0.09284989878924754	0.010058739035501817
52.43221195321916	8.67201184155936	0.0260037368330173	0.2781433088960849	0.21139032661210744	0.17344023683118717	0.018789358990045277
36.34216540249014	6.0108028438604455	0.018023883980166834	0.19278855041469997	0.1465202769068366	0.12021605687720889	0.01302340616169763
27.405304193820108	4.5326930456870205	0.013591650848541546	0.14538013381113665	0.11048963964374779	0.0906538609137404	0.009820834932321878
30.369619134723315	5.0229751320609415	0.015061801787094412	0.1611052832099176	0.12244083300743357	0.10045950264121882	0.01088311278613204
49.53278214174509	8.192461414022427	0.024565765651281782	0.262762363259176	0.19970072985461731	0.1638492282804485	0.017750333063715255
39.89480516437624	6.598390758544622	0.01978581440402593	0.21163465554504293	0.16084341246843206	0.13196781517089246	0.014296513310180014
40.73097544178838	6.736688920631468	0.020200512755123738	0.21607038615979332	0.16421459025134147	0.13473377841262937	0.014596159328034847
27.622835163937385	4.568671523010197	0.013699535255650166	0.1465340958806708	0.11136665667408721	0.09137343046020394	0.009898788299855427
52.658394689218184	8.709421275414446	0.026115912080331656	0.27934316700357936	0.21230222486426417	0.1741884255082889	0.018870412763397966
25.733306195188074	4.256153378504234	0.01276242403696722	0.13651048977967603	0.10374866515766343	0.08512306757008467	0.009221665653425838
43.10414141541598	7.129198079765287	0.021377483574023026	0.22865959824669352	0.17378245534002912	0.14258396159530576	0.015446595839491456
28.351128997718323	4.6891274892074275	0.014060732322972943	0.1503975616630639	0.11430291027959782	0.09378254978414856	0.010159776226616093
37.09872805749892	6.1359343242750315	0.0183991009593034	0.19680197713106853	0.14957050158336793	0.12271868648550062	0.013294524369262567
42.29751805649089	6.995786822454268	0.020977439006619306	0.22438060863846415	0.17053040151769058	0.13991573644908537	0.01515753811531758
27.262302544810446	4.509041325735156	0.01352072923167642	0.144621536179043	0.10991310159272688	0.09018082651470312	0.009769589539092838
47.92085940765666	7.925857879344821	0.023766333145748598	0.2542114075347791	0.19320196009955803	0.1585171575868964	0.017172692071913777
41.36474659815587	6.8415113335741315	0.02051483133426835	0.21943242640086158	0.1667697579002171	0.1368302266714826	0.014823274556077282
31.164967983190444	5.15452164469389	0.01545625476505463	0.16532446359919262	0.12564743151977625	0.10309043289387777	0.011168130230170093
42.91065487256414	7.09719642413629	0.02128152399204812	0.22763318747265085	0.17300237794171167	0.14194392848272577	0.01537725891896196
25.659668431916298	4.243974080105597	0.012725903414514834	0.13611985489373235	0.10345178066148973	0.08487948160211195	0.009195277173562128
34.05282388864084	5.632157809102272	0.016888485872222202	0.18064401177834888	0.13729036589772178	0.11264315618204541	0.012203008586388253
41.28564143988237	6.828427756823863	0.020475599159213032	0.2190127879829256	0.16645083057250762	0.13656855513647725	0.014794926806451702
30.939163874268	5.117174833764088	0.015344267297703716	0.16412661403919224	0.12473705977391017	0.10234349667528175	0.01108721213982219
31.202317016263425	5.160698978150061	0.015474778004697074	0.16552259339871853	0.12579801117311964	0.10321397956300121	0.011181514452658465
37.96030043916021	6.27843386068203	0.018826397474951195	0.20137246126976102	0.15304409272848019	0.1255686772136406	0.013603273364811066
45.02686839755312	7.4472070009234415	0.02233105933561489	0.23885931374587097	0.18153429089300024	0.14894414001846884	0.016135615168667457
42.349904566967396	7.004451275512164	0.021003420077821147	0.22465850950937266	0.1707416075902015	0.14008902551024327	0.015176311096943021
39.40301814877981	6.517051775047561	0.01954191280889796	0.20902581524068659	0.1588606805946885	0.13034103550095122	0.01412027884593638
26.81506504522107	4.435070597666524	0.013298921953136445	0.14224902292117794	0.10810997947390932	0.08870141195333046	0.009609319628277468
25.09862521334166	4.151180485216892	0.01244765423020062	0.13314362308060032	0.10118982937620319	0.08302360970433781	0.008994224384636597
32.32786354622331	5.346858449063606	0.016032992405121415	0.1714934121854383	0.13033586375880934	0.10693716898127213	0.011584859972971148
44.308386361817924	7.328373854471365	0.021974728426036327	0.23504789776021537	0.1786375953972141	0.1465674770894273	0.015878143351354623
48.821707625162894	8.07485343224333	0.0242131084981873	0.25899024280981714	0.1968338991658802	0.16149706864486657	0.017495515769860547
32.07377374646597	5.304833333772246	0.015906976659481337	0.17014551220127763	0.129311452928928	0.1060966666754449	0.011493805556506531
30.510777700049818	5.046322015674038	0.015131809327263553	0.16185410361966823	0.12300994031984466	0.10092644031348076	0.010933697700627082
45.44995905698745	7.517183968745082	0.02254089099738522	0.2411037324265684	0.1832400604829644	0.15034367937490162	0.01628723193228101
38.20228958885669	6.318457592153994	0.01894641190750588	0.20265616951524915	0.15401971751113414	0.12636915184307987	0.013689991449666985
35.39684690425583	5.854452140631536	0.017555053607849074	0.1877738084218548	0.14270904753752237	0.1170890428126307	0.01268464630470166
32.3341607339208	5.347899970758892	0.016036115493115854	0.17152681761613955	0.13036125205570773	0.10695799941517785	0.011587116603310934
28.197845746874986	4.663775246437045	0.01398471154934247	0.14958442201093644	0.11368492001649678	0.0932755049287409	0.010104846367280264
37.23269056990215	6.158091018616333	0.018465539619589844	0.19751262379425163	0.15011059665461848	0.12316182037232667	0.01334253054033539
46.035618635577556	7.614048979994032	0.02283134865667665	0.24421054953398072	0.1856012572547529	0.15228097959988066	0.016497106123320403
24.71267915650002	4.087347039126155	0.012256244420849162	0.13109624973306513	0.09963381523964147	0.08174694078252312	0.008855918584773336
48.20570894739284	7.972970493702172	0.02390760417346986	0.25572248232198097	0.19435038460802373	0.15945940987404345	0.017274769403021372
52.65164871970112	8.708305527568694	0.02611256641915374	0.2793073808672847	0.21227502721903035	0.17416611055137385	0.01886799530973217
46.81720898818608	7.743319909839928	0.02321897811351846	0.24835674361539326	0.1887523858026425	0.15486639819679857	0.01677719313798651
48.13675716578337	7.96156623200237	0.023873407561952616	0.2553567057129712	0.19407239252849978	0.15923132464004738	0.017250060169338468
52.3708283263339	8.661859312810394	0.025973293645138663	0.2778176799657407	0.2111428469721584	0.17323718625620788	0.01876736184442252
43.21122424183182	7.146909015545268	0.021430591263623063	0.22922765308465876	0.1742141799003202	0.14293818031090536	0.015484969533681413
33.70693790561427	5.574950088334893	0.016716943842203	0.17880914980636836	0.13589586148528593	0.11149900176669784	0.0120790585247256
33.32730606148726	5.512160979787656	0.016528665564397083	0.1767952722041413	0.13436530428518223	0.11024321959575312	0.011943015456206588
52.284170106327885	8.647526499410665	0.025930315531809172	0.2773579739347033	0.2107934680551095	0.17295052998821328	0.018736307415389772
48.3908181803136	8.0035865863687	0.023999409031569847	0.25670445299675876	0.19509668730532262	0.160071731727374	0.017341104270465514
47.75874487438446	7.899044988950655	0.023685932500745105	0.2533514195421933	0.19254836485990748	0.15798089977901308	0.017114597476059753
32.04388388429942	5.299889707917167	0.01589215279299171	0.16998695194116745	0.12919094632639494	0.10599779415834334	0.011483094367153862
50.623723752606715	8.372897413485557	0.02510681775441156	0.26854960926985755	0.2040990661987055	0.16745794826971117	0.018141277729218707
30.300288196911414	5.011508159921225	0.015027417133193988	0.16073749524649775	0.12216131228834852	0.1002301631984245	0.010858267679829321
49.66319487647641	8.214030993823659	0.024630443800596626	0.26345417900009355	0.20022651332936037	0.16428061987647316	0.017797067153284593
41.289418852142276	6.8290525209264645	0.02047747256547716	0.21903282646510855	0.16646605992068167	0.1365810504185293	0.01479628046200734
28.760542008090322	4.756842245876519	0.014263780559564926	0.15256942291338807	0.1159535358541778	0.09513684491753037	0.010306491532732456
36.677247820975175	6.066223711925161	0.018190067986201736	0.1945661014498057	0.14787122471633826	0.1213244742385032	0.01314348470917118
40.602161375949535	6.71538375224928	0.020136627465076218	0.21538705106539102	0.16369525211099747	0.1343076750449856	0.01454999812987344
54.87778448913954	9.076496664931222	0.027216617660682448	0.29111662457258514	0.221250112378595	0.1815299332986244	0.019665742774017645
51.15895155585957	8.461421274578464	0.025372263792696508	0.2713888950192888	0.20625693778044324	0.16922842549156927	0.018333079428253338
44.896176195744495	7.425591198738803	0.022266242584702358	0.23816601548314661	0.18100738069415853	0.14851182397477605	0.01608878093060074
35.794754378489486	5.920263942191196	0.017752395677893794	0.1898846349041816	0.14431328637861307	0.1184052788438239	0.012827238541414255
41.52011727884884	6.867208826252922	0.02059188736798869	0.22025663948712132	0.16739616402946714	0.13734417652505843	0.014878952456881329
41.246469935300894	6.8219489961741075	0.020456172065475352	0.21880499030487896	0.16629290328241442	0.13643897992348214	0.014780889491710567
45.69981659810455	7.55850909073695	0.022664807755860744	0.24242918105156558	0.1842474081659186	0.151170181814739	0.016376769696596724
40.46398940988853	6.692530836432537	0.020068101127748407	0.2146540740193115	0.163138185835397	0.13385061672865073	0.014500483478937162
36.82142107837738	6.090069209737528	0.018261570661831664	0.1953309142504549	0.1484524863270095	0.12180138419475056	0.013195149954431312
28.051004963863225	4.639488553931339	0.01391188591533719	0.1488054584740896	0.11309290377448648	0.09278977107862679	0.010052225200184568
26.317940311374407	4.352848783669878	0.013052373118544782	0.13961186699631314	0.10610572758484992	0.08705697567339755	0.009431172364618068
40.453554038690456	6.690804880970624	0.020062925709121524	0.21459871628088192	0.16309611367319554	0.1338160976194125	0.014496743908769686
37.47401054737157	6.198004072524622	0.0185852221764171	0.19879278220328378	0.151083523543547	0.12396008145049243	0.013429008823803348
49.20498983763035	8.138246292497678	0.024403197174870758	0.26102348494943606	0.19837917351269577	0.16276492584995358	0.017632866967078303
50.15561065559885	8.295473971497964	0.024874657230771258	0.26606635478012647	0.20221178018154898	0.1659094794299593	0.01797352693824559
51.56252238284689	8.528169764870357	0.025572414600521082	0.2735297645536951	0.20788400949361227	0.17056339529740713	0.018477701157219105
41.711385462119694	6.898843576885191	0.020686746755319896	0.22127128226871834	0.16816729769379174	0.1379768715377038	0.014947494416584578
39.07912632255612	6.463481772032961	0.01938127877310739	0.20730762825382748	0.1575548497631855	0.1292696354406592	0.014004210506071414
49.990652799908325	8.268190810543727	0.024792846441027357	0.2651912834813778	0.20154672155265183	0.1653638162108745	0.01791441342284474
36.59472901032268	6.052575535041677	0.018149142811465582	0.1941283542294228	0.1475385346068491	0.12105151070083353	0.013113913659256966
51.28667711302948	8.482546409356972	0.025435609237257642	0.2720664557739929	0.20677188739330618	0.16965092818713945	0.018378850553606774
36.81289828717022	6.088659584937843	0.0182573437865695	0.19528570239958928	0.14841812509085686	0.12177319169875685	0.013192095767365325
27.717702685826946	4.58436211172577	0.01374658476932326	0.14703735075896365	0.11174913293610352	0.09168724223451538	0.009932784575405834
27.096981090396806	4.481698027466183	0.013438738115275354	0.14374453605547105	0.10924657704717332	0.08963396054932367	0.00971034572617673
38.483508769821405	6.364969764281607	0.019085882460087727	0.2041479859121687	0.1551535055452297	0.12729939528563214	0.013790767822610149
51.79113939294971	8.565981814847618	0.025685797125209704	0.27474253604074694	0.2088057219797808	0.17131963629695235	0.01855962726550317
37.14784816469759	6.144058531425889	0.018423462058963905	0.19706255032912004	0.14976853853655267	0.12288117062851776	0.013312126818089425
53.36962616663618	8.827055217689503	0.026468647078096586	0.283116120101507	0.21516968837014	0.17654110435379008	0.019125286304993924
34.11966627599434	5.6432131880964835	0.01692163633040964	0.1809985984360624	0.13755985355746037	0.11286426376192966	0.012226961907542381
47.806340939649544	7.906917127588612	0.02370953775235159	0.25360390797611776	0.1927402573513174	0.15813834255177223	0.01713165377644199
36.21134775041812	5.989166292862639	0.01795900501224109	0.19209458666123866	0.14599286093165698	0.11978332585725276	0.012976526967869051
51.13790602799242	8.457940455057848	0.02536182627065066	0.2712772523374265	0.20617208877553134	0.16915880910115697	0.01832553765262534
33.65296163486239	5.566022697296325	0.01669017432995891	0.17852281554753166	0.13567824599514172	0.11132045394592648	0.012059715844142036
24.76668431988848	4.096279208854717	0.01228302826238585	0.13138273726206245	0.09985154721588561	0.08192558417709432	0.00887527161918522
32.045040478864195	5.300081002569595	0.015892726405653947	0.16999308746410866	0.1291956093549741	0.10600162005139188	0.011483508838900787
52.409573103486736	8.668267494989848	0.02599250910356025	0.2780232139327102	0.21129905383034248	0.17336534989979696	0.01878124623914467
29.967452028276522	4.956458809756936	0.014862347153971797	0.158971860156622	0.12081942065770689	0.09912917619513871	0.010738994087806694
33.702633026965884	5.574238084068344	0.016714808839171442	0.17878631321132396	0.135878505557134	0.11148476168136687	0.012077515848814745
28.06095883399938	4.641134871652344	0.013916822533683917	0.14885826193732063	0.11313303467457157	0.09282269743304689	0.010055792221913412
41.68133295987872	6.8938730512179776	0.020671842227543164	0.22111185923271587	0.16804613537720095	0.13787746102435955	0.014936724944305618
28.296591024614344	4.680107195556755	0.014033684234647516	0.15010824767583109	0.11408303018074757	0.09360214391113508	0.010140232257039635
37.003107760434844	6.120119230508382	0.018351678107050642	0.19629472891795172	0.14918499036661523	0.12240238461016763	0.013260258332768159
31.23860289855744	5.1667004720640675	0.015492773975089575	0.1657150833775216	0.12594430453408606	0.10333400944128135	0.011194517689472145
45.406351451954926	7.509971500433396	0.022519263821209726	0.24087240204577878	0.18306424821933492	0.15019943000866792	0.01627160491760569
45.64942422741619	7.550174457902393	0.022639815677576274	0.2421618587280502	0.18404424184312307	0.15100348915804784	0.016358711325455185
49.19645252992969	8.136834266746387	0.024398963100159318	0.2609781960912232	0.19834475375056865	0.16273668533492774	0.017629807577950504
28.193087358122845	4.662988233986719	0.013982351628136548	0.14955917962761464	0.11366573567704227	0.09325976467973439	0.010103141173637892
48.29405029572326	7.987581687666376	0.02395141703369214	0.2561911170413953	0.19470654937356105	0.15975163375332752	0.017306426989943814
38.36848825888534	6.345945977267822	0.019028838078678664	0.20353782310745586	0.15468977871647108	0.12691891954535645	0.013749549617413613
50.088361220230155	8.284351268904839	0.02484130489726578	0.26570960880703015	0.20194065143115886	0.16568702537809676	0.017949427749293815
28.51901185311504	4.716894429715184	0.014143993765278709	0.15128814955107123	0.11497976159509352	0.09433788859430368	0.010219937931049566
39.47871956240688	6.5295723903514205	0.019579456898008774	0.20942739741488764	0.15916588508550616	0.13059144780702842	0.014147406845761412
49.98529444808749	8.267304567360183	0.02479018896835131	0.2651628584035458	0.20152511834921422	0.16534609134720368	0.0179124932292804
27.007277730481995	4.46686156395587	0.01339424976589311	0.1432686761133411	0.10888492107569699	0.0893372312791174	0.009678200055237719
32.244654198283946	5.333096060948026	0.01599172475866414	0.17105200179085883	0.13000038961833674	0.10666192121896051	0.011555041465387389
25.81780545508673	4.270129111267481	0.01280433141480105	0.13695874292162727	0.10408933982087229	0.08540258222534962	0.009251946407746209
45.23362886081377	7.481404093111017	0.022433602113686283	0.23995614024351158	0.18236788459868133	0.14962808186222035	0.016209708868407204
43.956747927001814	7.270214708460256	0.021800333469602088	0.2331825200820419	0.17721989889317438	0.14540429416920508	0.015752131868330552
46.219191135052434	7.644410905038338	0.02292239137237139	0.24518436811847677	0.18634136432205753	0.15288821810076675	0.016562890294249732
42.184909870113664	6.97716202122347	0.02092159101671543	0.22378324277498143	0.1700764004292239	0.1395432404244694	0.015117184379317517
33.01445446710438	5.460416973001146	0.016373506927653183	0.175135651630958	0.1331039842253548	0.1092083394600229	0.01183090344150248
43.36860144369191	7.1729383762623	0.021508642430801445	0.23006251039926576	0.17484867569714424	0.14345876752524597	0.015541366481901648
43.79839862502813	7.244024567501799	0.02172180018971876	0.23234250595386366	0.1765814838918602	0.14488049135003597	0.015695386562920563
50.133038457525515	8.291740648761996	0.024863462557180405	0.26594661339163106	0.20212077611848678	0.16583481297523994	0.01796543807231766
38.698528317371085	6.400532865532824	0.01919252132806884	0.20528862534363437	0.1560203973030115	0.1280106573106565	0.013867821208654454
36.37686103256849	6.016541318429443	0.018041091265539846	0.19297260439592115	0.14666015886681993	0.12033082636858884	0.01303583952326379
54.7273881840757	9.051621907795205	0.027142028666782166	0.29031879964058505	0.22064376138052785	0.1810324381559041	0.019611847466889612
26.358988239712723	4.35963789493108	0.013072730823975922	0.13982961875970504	0.10627122003033224	0.08719275789862159	0.009445882105684006
39.48139773779168	6.530015346461521	0.019580785138136485	0.20944160464619796	0.15917668265341772	0.13060030692923041	0.014148366583999962
28.860436635252338	4.77336429134029	0.01431332326430671	0.15309934566706804	0.11635627983685425	0.09546728582680578	0.01034228929790396
38.48699892485356	6.365547017550929	0.01908761340123204	0.20416650054721927	0.155167576761848	0.1273109403510186	0.013792018538027013
34.906520997164776	5.773354816789644	0.017311876648964067	0.18517271903128196	0.14073220639759806	0.11546709633579287	0.012508935436377561
50.923232199803095	8.422434533968886	0.025255358862063274	0.2701384468840298	0.20530659085039127	0.16844869067937773	0.018248608156932588
49.32099268845739	8.157432553358165	0.024460728747398828	0.2616388588878691	0.19884686082953346	0.16314865106716328	0.01767443719894269
53.21766532182795	8.801921693915872	0.026393282151268162	0.2823099955718892	0.21455702963575504	0.17603843387831744	0.019070830336817723
31.96715438014797	5.287199051852685	0.01585409882275172	0.16957991593449126	0.1288815968952126	0.1057439810370537	0.011455597945680816
33.60041244128323	5.557331337309654	0.016664112576130385	0.17824405167247379	0.1354663840350968	0.11114662674619306	0.012040884564170915
49.387015552928304	8.168352387581757	0.024493472763504835	0.26198909812635696	0.19911304442859323	0.16336704775163516	0.017698096839760473
40.77198742952653	6.743472087506603	0.020220852635827097	0.216287947264865	0.16437993779553267	0.13486944175013205	0.014610856189597638
36.179145128372504	5.983840148698478	0.017943034133313586	0.19192375763234157	0.1458630300025697	0.11967680297396954	0.0129649869888467
29.584963812714893	4.893197272411024	0.014672652259770625	0.15694283002558376	0.11927734745879257	0.09786394544822047	0.010601927423557218
31.781351919695418	5.256468303001711	0.015761950158704567	0.16859426781425893	0.1281324993207017	0.1051293660600342	0.011389014656503705
40.35876073835614	6.67512656810957	0.020015913005602116	0.2140958551343849	0.1627139366493425	0.1335025313621914	0.014462774230904068
31.08854980050917	5.141882479561704	0.015418355194586777	0.16491907909606016	0.1253393372396701	0.10283764959123408	0.011140745372383692
30.61516993834095	5.063587942342082	0.01518358262064197	0.16240788537900483	0.12343081726792803	0.10127175884684163	0.010971107208407842
31.407309638621033	5.194603678758603	0.015576444022702453	0.16661004182322334	0.1266244774956145	0.10389207357517205	0.011254974637310304
38.887450854713194	6.431779658676512	0.019286217393137874	0.20629082490195652	0.15678207405448574	0.12863559317353024	0.01393552259379911
39.655799457827904	6.558860472863816	0.019667279609037278	0.21036677392059974	0.1598798159981079	0.1311772094572763	0.014210864357871599
25.91001297962228	4.2853797504235525	0.012850061703734593	0.1374478869997432	0.1044610918031281	0.08570759500847105	0.00928498945925103
50.567702872930084	8.363631854894136	0.025079034219099943	0.2682524287340749	0.20387320748302687	0.16727263709788273	0.01812120235227063
45.261977998277324	7.486092891210958	0.02244766185830852	0.24010652724044967	0.1824821794797163	0.14972185782421915	0.016219867930957074
41.96972543793634	6.941571648922833	0.020814870374261985	0.22264172866067844	0.16920884390804583	0.13883143297845665	0.015040071905999472
49.98305277100583	8.266933805771593	0.024789077209401152	0.2651509667160177	0.20151608060633053	0.16533867611543185	0.017911689912505118
27.579113925613584	4.561440260350328	0.013677851723084396	0.14630216269602336	0.11119038627646599	0.09122880520700656	0.009883120564092377
32.72465300264676	5.412485336362966	0.016229779994631505	0.17359830778746177	0.13193559510076439	0.10824970672725934	0.011727051562119761
26.64827981702393	4.40748519891941	0.01321620487864906	0.14136425774500858	0.10743755344896642	0.0881497039783882	0.009549551264325388
51.822160575797405	8.571112555187822	0.025701182069788095	0.27490709775046135	0.20893078971447648	0.17142225110375642	0.01857074386957361
37.77735090617243	6.248174971015248	0.018735663719263326	0.20040194740870906	0.15230649726776754	0.12496349942030496	0.013537712437199704
50.33278433940185	8.324777566115012	0.024962526456114013	0.2670062288160769	0.20292608921965705	0.16649555132230023	0.01803701805991586
49.11132036397601	8.122753854653405	0.02435674183279287	0.26052658549823565	0.19800152740752971	0.1624550770930681	0.01759930001841571
27.547285542710057	4.556176013370183	0.013662066447925903	0.14613331893742906	0.11106206416288596	0.09112352026740365	0.009871714695635397
36.049687120633216	5.962428475715818	0.017878829480509846	0.19123700654375844	0.14534109568930864	0.11924856951431634	0.012918595030717604
52.66200611985582	8.71001858703049	0.026117703168069356	0.2793623249835688	0.21231678502630172	0.1742003717406098	0.01887170693856606
50.306730484113366	8.320468395603923	0.024949605055868664	0.26686801787189796	0.20282104820052457	0.16640936791207844	0.0180276815238085
47.91670275927591	7.925170391584219	0.02376427165746589	0.2541893572742334	0.19318520178961682	0.15850340783168437	0.01717120251509914
47.30655664044688	7.824255435482658	0.02346166990726936	0.25095264354274666	0.19072528292417865	0.15648510870965315	0.016952553443545758
42.439152200613215	7.019212364296635	0.021047682409922712	0.22513195190687335	0.17110142621548816	0.14038424728593268	0.015208293455976043
48.33249329081107	7.9939399566809275	0.023970482823406167	0.2563950501096232	0.1948615395405754	0.15987879913361855	0.01732020323947534
35.8635579731366	5.931643694547513	0.017786518796139503	0.19024962540841917	0.14459068101451966	0.11863287389095027	0.012851894671519612
40.91694214189851	6.767446833857208	0.020292742873770583	0.2170569055414145	0.16496434998893042	0.13534893667714415	0.014662801473357282
48.278626364178805	7.985030650584126	0.023943767540339115	0.25610929590137194	0.19464436489182033	0.15970061301168254	0.017300899742932273
24.62148336941016	4.072263736017577	0.012211015902741202	0.13061247273732846	0.09926614226723714	0.08144527472035154	0.00882323809470475
31.745273346129153	5.250501096859952	0.01574405700300156	0.1684028775703966	0.1279870417638724	0.10501002193719904	0.01137608570986323
45.40097718807376	7.5090826254788405	0.02251659845695306	0.24084389255737265	0.1830425808634325	0.1501816525095768	0.01626967902187082
46.18781015053997	7.639220655396865	0.022906827984285554	0.24501789772664018	0.18621484597926058	0.15278441310793728	0.016551644753359872
45.562908523217274	7.535865215866921	0.02259690824491049	0.24170290871734232	0.18369543750536216	0.15071730431733843	0.01632770796771166
36.30386645619364	6.00446839975767	0.0180048896313994	0.19258538149900287	0.14636586749962446	0.12008936799515339	0.013009681532808284
30.395855504645542	5.027314489531652	0.01507481370540755	0.16124446236089637	0.12254660986864863	0.10054628979063304	0.01089251472731858
25.41679854931119	4.2038046800469315	0.01260545218278784	0.13483147452100924	0.10247260503842148	0.08407609360093862	0.009108243473435017
54.04354525949495	8.938517887979641	0.02680287701203664	0.2866911378135811	0.21788671997805037	0.1787703577595928	0.01936678875728922
28.807034728109404	4.764531897019055	0.01428683860748992	0.15281605830228265	0.11614098000165511	0.09529063794038109	0.010323152443541286
34.317130040731236	5.675872655288237	0.017019568414161135	0.18204610764585882	0.13835596587404603	0.11351745310576473	0.012297724086457846
32.382371905144794	5.355873844684392	0.016060025806303467	0.17178256907484138	0.1305556244625115	0.10711747689368781	0.011604393330149513
41.168399912641185	6.809036625405163	0.020417453265559042	0.21839084309233064	0.16597814929867297	0.13618073250810325	0.014752912688377851
44.61423176468362	7.378959074063173	0.022126412344593952	0.2366703517669168	0.17987066867785836	0.14757918148126348	0.015987744660470208
29.095822732013488	4.812295912616775	0.014430062915111255	0.15434802592262725	0.11730528316936069	0.0962459182523355	0.010426641144003011
49.198658686026704	8.13719915335111	0.024400057242489268	0.26098989934641526	0.19835364828392005	0.16274398306702217	0.01763059816559407
45.49457583865891	7.524563349560301	0.022563018674355173	0.2413404163051251	0.18341994143207113	0.15049126699120602	0.016303220590713985
46.63391088683973	7.7130033688015835	0.023128071485477287	0.24738438066285695	0.18801338502301573	0.15426006737603168	0.0167115072990701
31.18044570463771	5.157081578342899	0.015463930935490477	0.1654065700848271	0.1257098328656296	0.10314163156685797	0.01117367675307628
52.17510485073292	8.62948768028043	0.02587622465716392	0.27677940267198725	0.21035375095862646	0.17258975360560858	0.018697223307274264
24.576751835084238	4.064865375717394	0.012188831314233114	0.1303751801168968	0.09908579867121542	0.08129730751434788	0.008807208314054354
49.33670200334271	8.160030791342665	0.024468519776517886	0.26172219393439716	0.19891019588790215	0.1632006158268533	0.017680066714575775
39.862034470333796	6.592970658262648	0.019769561789993957	0.2114608129979477	0.16071129125021757	0.13185941316525296	0.01428476975956907
41.57611904647643	6.8764712238120405	0.020619661424686308	0.2205537186369742	0.1676219456913244	0.13752942447624078	0.014899020984926086
30.580449927611067	5.057845435341665	0.015166363243693711	0.16222370206287964	0.12329083701276133	0.10115690870683329	0.01095866510990694
31.147799586454898	5.151682082252312	0.015447740104811732	0.1652333883899163	0.1255782138984298	0.10303364164504622	0.011161977844880006
49.064716242813816	8.11504577834824	0.024333628535510885	0.26027935914662154	0.197813634125386	0.16230091556696477	0.017582599186421185
49.83474179538968	8.242403951148562	0.024715522433897973	0.2643642040759006	0.20091813700624692	0.16484807902297122	0.017858541894155217
35.3653903022534	5.849249384255291	0.017539452717296296	0.18760693689304353	0.1425822243285887	0.11698498768510582	0.012673373665886462
26.097057926274147	4.3163159999511524	0.012942826578369685	0.13844012628235175	0.10521519869450165	0.08632631999902304	0.009352017999894163
47.99012866752424	7.937314650277232	0.02380068721049488	0.2545788683079681	0.19348123215240703	0.15874629300554463	0.017197515075600668
50.17277923967639	8.298313564924923	0.02488317198392624	0.26615743098321787	0.20228099855819984	0.16596627129849842	0.017979679390670664
26.5370817948707	4.389093631427823	0.013161056259189558	0.14077437254520062	0.10698923770286425	0.08778187262855645	0.009509702868093616
25.017955852129177	4.137838197534848	0.0124076462892553	0.13271568685173793	0.10086459567007015	0.08275676395069696	0.008965316094658837
49.068940701839075	8.115744481632468	0.024335723654458893	0.26030176913025205	0.19783066582669787	0.16231488963264937	0.017584113043537016
49.271055297251024	8.149173171734812	0.024435962316026145	0.26137395014741444	0.1986455288421153	0.16298346343469625	0.01765654187209209
49.22086055562287	8.140871225706446	0.0244110682518035	0.2611076762099712	0.19844315929805612	0.16281742451412892	0.017638554322363966
40.14428110612579	6.63965276600993	0.01990954190843107	0.2129580798550855	0.16184922166174534	0.13279305532019858	0.014385914326354847
32.26570654738396	5.336578008664648	0.016002165663697894	0.1711636806581158	0.13008526612433222	0.10673156017329295	0.01156258568544007
49.20098058854812	8.13758318380511	0.02440120878921727	0.26100221661525025	0.19836300947075688	0.16275166367610217	0.017631430231577736
45.84075398769354	7.5818193930473825	0.022734705604001974	0.24317682816442107	0.18481562376673397	0.15163638786094766	0.016427275351602662
50.68700696176256	8.38336412314223	0.02513820303944028	0.268885315137233	0.2043542043619486	0.16766728246284457	0.018163955600141495
46.09185467465733	7.623350124818082	0.022859238900217415	0.24450887145110325	0.18582798342604337	0.15246700249636164	0.01651725860377251
33.11400343893442	5.476881848892618	0.016422878204756262	0.17566374074622768	0.1335053346335319	0.10953763697785236	0.01186657733926734
31.691247674099422	5.241565535110087	0.01571726299021142	0.1681162812468028	0.12776922710318264	0.10483131070220174	0.011356725326071855
49.96823459376609	8.264482957262514	0.02478172813968045	0.2650723589919535	0.20145633833703064	0.16528965914525026	0.017906379740735445
50.233959235428046	8.308432414156352	0.02491351418101664	0.26648197968758686	0.20252765722092442	0.16616864828312702	0.018001603564005427
29.80806016381452	4.930096234451207	0.014783296815594156	0.15812631542484276	0.12017680236958288	0.09860192468902414	0.01068187517464428
31.495040687822023	5.209113932459557	0.015619954205289105	0.1670754390172128	0.12697818172539538	0.10418227864919112	0.011286413520329039
39.926797541819774	6.60368212935838	0.01980168101221789	0.21180436926472235	0.16097239575685257	0.13207364258716758	0.014307977946943155
54.50789845368119	9.01531946183355	0.02703317281321259	0.28915444670550156	0.21975884723962738	0.18030638923667097	0.019533192167306025
52.47556438446263	8.679182105469629	0.026025237455842967	0.27837328562652514	0.21156511009460024	0.17358364210939256	0.01880489456185086
28.795722676032476	4.7626609431548355	0.01428122839929363	0.15275604993189595	0.11609537333555969	0.0952532188630967	0.01031909871016881
46.841333617249944	7.747309996489365	0.02323094271470542	0.24848472036677843	0.18884964878330318	0.1549461999297873	0.016785838325726957
42.4483339202302	7.02073097238655	0.021052236080494675	0.22518065925261535	0.17113844404548986	0.140414619447731	0.015211583773504192
48.83839905663906	8.077614107141866	0.024221386607679602	0.25907878780549914	0.19690119381205154	0.16155228214283732	0.017501497232140707
36.474371536430304	6.032669042449946	0.018089451565180478	0.19348987981089788	0.14705329080788415	0.1206533808489989	0.013070782925308215
53.41967504220343	8.835333038239268	0.026493468800098435	0.283381620246136	0.21537146982773267	0.17670666076478533	0.019143221582851744
48.19730036082643	7.971579757748867	0.023903433937958636	0.25567787630587774	0.19431648380936575	0.15943159515497735	0.01727175614178921
41.37225058784108	6.842752453965297	0.020518552935278375	0.2194722336957138	0.16680001164636588	0.13685504907930593	0.014825963650258144
43.450745831622335	7.186524625598602	0.021549381910721775	0.23049827137548778	0.17517985625098884	0.14373049251197204	0.015570803355463637
33.93691094769354	5.612986418862588	0.016830998890467054	0.18002911479540792	0.13682304106947918	0.11225972837725176	0.012161470574202275
33.13510385898036	5.48037174729064	0.0164333429505585	0.17577567462107377	0.1335904049465895	0.10960743494581279	0.011874138785796386
31.243163916363947	5.1674548403989915	0.015495036010245366	0.16573927874402197	0.1259626931354417	0.10334909680797984	0.011196152154197815
29.036161415046887	4.802428244861712	0.014400473906223043	0.15403153353186194	0.1170647473458686	0.09604856489723423	0.010405261197200375
25.88237597623897	4.280808735551642	0.012836355141755814	0.13730127774404607	0.10434966802461212	0.08561617471103283	0.009275085593695224
44.29803546608138	7.326661870806092	0.021969594902984575	0.23499298814868166	0.17859586381372822	0.14653323741612181	0.015874434053413197
48.23419886412261	7.977682575951649	0.02392173373751889	0.2558736161272164	0.19446524706715534	0.15955365151903295	0.017284978914561905
49.83352723388101	8.242203069068765	0.024714920072550314	0.26435776104890846	0.200913240273028	0.16484406138137528	0.01785810664964899
45.02817689633024	7.4474234197329325	0.022331708285117192	0.23886625509291684	0.18153956635198937	0.14894846839465864	0.01613608407608802
36.00050763442895	5.95429444759002	0.017854438931852915	0.1909761183509263	0.14514281933849185	0.1190858889518004	0.01290097130311171
51.999632215190324	8.600465430090933	0.02578919906609962	0.27584855238640166	0.20964630001659998	0.17200930860181865	0.018634341765197023
38.04281262977216	6.292080942645655	0.018867319366480582	0.20181017337203783	0.1533767561480304	0.12584161885291312	0.01363284204239892
52.96036880879902	8.759366205130284	0.026265676037323875	0.2809450845594538	0.21351969033803728	0.17518732410260565	0.01897862677778228
45.01310839034895	7.4449311681677885	0.022324235064945602	0.23878631942059594	0.18147881483527317	0.14889862336335577	0.016130684197696876
29.711751766462722	4.9141673325192885	0.014735532700248712	0.1576154169653651	0.11978851694706721	0.09828334665038575	0.01064736255379179
47.334612807749224	7.8288957778601995	0.02347558435344475	0.2511014763864836	0.19083839664089194	0.156577915557204	0.0169626075186971
30.79851402326641	5.09391208882234	0.015274512054222734	0.16338049226603052	0.12417000343900486	0.10187824177644682	0.011036809525781737
44.00660073812948	7.278460100983841	0.021825057953514814	0.23344698014062565	0.1774208898800931	0.1455692020196768	0.015769996885464987
45.84829976247703	7.583067424473838	0.02273844792831678	0.24321685712158844	0.18484604597736753	0.15166134848947674	0.016429979419693316
39.95024666066973	6.607560490174483	0.01981331059435502	0.21192876255778892	0.16106693529100155	0.13215120980348966	0.014316381062044713
45.29701040122871	7.491887066240303	0.022465036166067872	0.24029236774025867	0.18262341920289463	0.14983774132480607	0.01623242197685399
29.760704591895557	4.922263872146686	0.014759810836576822	0.15787510276419905	0.11998587947234202	0.0984452774429337	0.010664905056317817
29.58351920450719	4.892958341818227	0.014671935806845034	0.1569351666428656	0.1192715232490277	0.09785916683636454	0.010601409740606159
41.396931287136724	6.846834511703788	0.02053079331929873	0.2196031602981253	0.16689951652878007	0.13693669023407576	0.01483480810869154
37.58914652269254	6.217046956739841	0.018642323822346596	0.1994035575254718	0.1515477158886958	0.12434093913479681	0.013470268406269654
53.49712743588661	8.848143256426837	0.026531881287144107	0.2837924910497592	0.2156837337240601	0.17696286512853676	0.01917097705559148
48.755463589719994	8.063897017505267	0.024180254792416683	0.25863883029971446	0.19656682387443777	0.16127794035010534	0.01747177687126141
37.466447665961944	6.1967532117522595	0.018581471368077144	0.19875266249858897	0.15105303236433196	0.12393506423504519	0.013426298625463228
46.90569019257602	7.757954235260139	0.023262860335303785	0.24882612024566172	0.189109114424195	0.1551590847052028	0.016808900843063634
28.999561634849588	4.796374833886936	0.014382322258277217	0.1538373783820081	0.11691718844645119	0.0959274966777387	0.010392145473421693
37.73965150487624	6.2419396884993805	0.01871696671462537	0.20020195896974566	0.15215450503901717	0.12483879376998759	0.013524202658415323
29.67221249430362	4.907627745048206	0.014715923212311945	0.15740566834748324	0.1196291069327963	0.09815255490096411	0.010633193447604446
39.078498326697876	6.463377904823925	0.019380967318785306	0.2073042968504882	0.15755231787973753	0.1292675580964785	0.014003985460451836
47.281987474652986	7.820191824798219	0.02344948483824937	0.250822308605193	0.19062622771005963	0.1564038364959644	0.016943748953729475
43.83167025554183	7.249527520039074	0.02173830124301541	0.23251900587745444	0.1767156247297003	0.14499055040078146	0.015707309626751324
35.632583335893145	5.893441705452293	0.017671967007110784	0.18902434713995145	0.14365946331099094	0.11786883410904586	0.012769123695146635
40.634722640720426	6.720769214032225	0.0201527762127354	0.21555978262844813	0.1638265289757035	0.13441538428064445	0.01456166663040315
40.91627566958464	6.767336602844961	0.020292412337064247	0.21705337002750488	0.16496166298041304	0.13534673205689923	0.014662562639497416
48.13821029577384	7.961806572053175	0.023874128241253647	0.25536441430219037	0.19407825109543514	0.1592361314410635	0.017250580906115212
52.79660521950554	8.732280569551216	0.026184457543573764	0.2800763486258368	0.21285944661879827	0.1746456113910243	0.018919941234027633
38.18963755952105	6.316365013105141	0.018940137138065662	0.20258905281022052	0.15396870847462907	0.12632730026210282	0.013685457528394472
50.722404285969844	8.389218654226267	0.025155758329766305	0.2690730914776603	0.20449691533382297	0.16778437308452535	0.018176640417490245
40.82940084632677	6.752967964407626	0.02024932679942896	0.21659251495577403	0.1646114107866045	0.1350593592881525	0.014631430589549854
33.4589879639954	5.533940473257977	0.016593973157018587	0.17749382064833105	0.13489620464858731	0.11067880946515954	0.011990204358725616
50.737305242570244	8.39168319400583	0.025163148453881935	0.2691521383311147	0.20455699134368888	0.16783366388011664	0.0181819802536793
44.42591274345833	7.3478120993081575	0.02203301559312817	0.2356713537513762	0.1791114251151492	0.14695624198616317	0.015920259548501008
40.401479565760624	6.682192037280311	0.020037099392829803	0.21432247071217214	0.162886165638758	0.1336438407456062	0.014478082747440672
40.7664668483419	6.742559012440302	0.02021811470555594	0.21625866158988538	0.16435768053389457	0.13485118024880602	0.01460887786028732
39.79860700960736	6.582480090155575	0.019738104963450208	0.21112434190233445	0.1604555715096295	0.13164960180311153	0.01426204019533708
29.15376420025325	4.821879126446106	0.014458798965636179	0.15465539482998683	0.11753888509915367	0.09643758252892212	0.010447404773966563
37.8568094167341	6.2613169903738495	0.018775071139260035	0.20082346029600232	0.15262684920170333	0.125226339807477	0.013566186812476674
48.55859851206142	8.031336570004639	0.02408261962730831	0.25759449701553233	0.19577312527743987	0.16062673140009273	0.017401229235010047
39.85967979655573	6.592581207615313	0.019768393990372637	0.21144832188358126	0.16070179793989425	0.13185162415230628	0.014283925949833179
46.13823264978403	7.631020797759465	0.022882240040453607	0.24475489813929946	0.1860149649578999	0.15262041595518927	0.016533878395145505
41.64041511135585	6.887105454473478	0.020651549035150193	0.22089479751898883	0.1678811673729666	0.13774210908946957	0.01492206181802587
50.0760601786118	8.28231674137674	0.0248352042000588	0.265644354027742	0.20189105746766756	0.1656463348275348	0.017945019606316268
52.69006345901504	8.714659123226989	0.026131618195426632	0.27951116404379245	0.21242990346757645	0.17429318246453976	0.018881761433658474
30.40071741065349	5.0281186231911486	0.015077224965959552	0.16127025388435529	0.12256621155739474	0.10056237246382296	0.010894257016914155
29.069472944966133	4.807937796550623	0.01441699474761527	0.15420824511451267	0.11719904904566836	0.09615875593101245	0.010417198559193016
43.941844623171725	7.267749780461257	0.02179294218137862	0.23310346077696273	0.17715981342001041	0.14535499560922513	0.01574679119099939
54.402546969768025	8.997894880989318	0.026980923782309717	0.28859557632332383	0.21933410291235494	0.17995789761978637	0.019495438908810187
43.744411630013495	7.235095402726626	0.021695025358780755	0.23205611480477134	0.17636382516483323	0.1447019080545325	0.015676040039241022
52.38105557402315	8.663550845739557	0.025978365844985366	0.27787193364696494	0.21118408004527958	0.17327101691479113	0.018771026832435707
28.96631900524719	4.790876677947724	0.014365835587972553	0.15366103230295522	0.11678316453124106	0.09581753355895448	0.010380232802220068
32.550932869817245	5.3837529408966285	0.016143623556663052	0.1726767542087156	0.13123520970312574	0.10767505881793256	0.01166479803860936
33.421544928869324	5.527747592357073	0.01657540329709135	0.17729519218508077	0.1347452460082822	0.11055495184714147	0.011976786450106991
48.50965979032719	8.023242363054743	0.024058348485704404	0.2573348860342438	0.1955758196138793	0.1604648472610949	0.01738369178661861
50.3294449557668	8.324225249641078	0.02496087028999059	0.266988513995753	0.20291262586629094	0.16648450499282152	0.018035821374222334
47.286758226502755	7.820980882039812	0.023451850890929354	0.25084761657248983	0.19064546189366816	0.15641961764079623	0.016945458577752925
43.6819903555056	7.224771252523298	0.021664067549933663	0.23172498134329095	0.17611216205327995	0.14449542505046595	0.01565367104713381
53.62664066568038	8.869564062846605	0.02659611332730579	0.2844795350812565	0.21620589067542276	0.17739128125693213	0.01921738880283431
34.289809717603106	5.6713540176634565	0.017006018909641662	0.1819011783210815	0.1382458188515562	0.11342708035326911	0.012287933704937488
43.596836286518155	7.210687217783834	0.021621835419765315	0.23127325455870945	0.1757688474040398	0.1442137443556767	0.01562315563853164
41.174257031615205	6.810005362050213	0.020420358101626804	0.21842191403882227	0.16600176337572217	0.13620010724100426	0.014755011617775461
42.625551707804036	7.050041861535124	0.021140127179087115	0.22612076725101543	0.1718529308962474	0.14100083723070245	0.015275090699992767
46.798426053378705	7.740213311300578	0.023209662723694666	0.24825710357650316	0.1886766588673149	0.15480426622601154	0.016770462174484583
38.923377384411744	6.437721717562943	0.019304035142738665	0.206481408580868	0.15692691861785818	0.12875443435125886	0.01394839705471971
52.22301036709524	8.637411000500846	0.025899983380932124	0.2770335326874684	0.2105468910603523	0.1727482200100169	0.018714390501085164
43.55083829522111	7.203079392167556	0.021599022732373928	0.23102924361533453	0.1755833978484792	0.14406158784335113	0.015606672016363038
30.10345811805229	4.9789535010377834	0.014929799325727923	0.15969334762455492	0.12136775479559507	0.0995790700207557	0.010787732585581866
37.18985615140166	6.151006431286814	0.018444295904999346	0.19728539502681008	0.14993790163795323	0.12302012862573626	0.013327180601121428
43.379239447626816	7.174697846112175	0.021513918345061923	0.23011894306735808	0.17489156481134577	0.1434939569222435	0.01554517866657638
25.90509547163742	4.284566420489775	0.012847622867401926	0.1374218005179512	0.10444126594455155	0.08569132840979551	0.009283227244394513
49.54059931499386	8.193754333326334	0.024569642575568686	0.2628038319356371	0.1997322462592221	0.16387508666652664	0.01775313438887372
43.16871020456614	7.1398774175854225	0.02140950644199194	0.22900212388115762	0.17404277656087672	0.14279754835170844	0.015469734404768414
25.52450180369448	4.221618231346651	0.01265886757341733	0.13540282061603515	0.10290683097078511	0.084432364626933	0.009146839501251076
49.54656999162961	8.194741851810837	0.024572603730518536	0.2628355052847854	0.19975631816534828	0.16389483703621677	0.017755274012256815
36.91112982955866	6.104906564934934	0.018306061685010658	0.19580680279226884	0.14881416403439088	0.12209813129869868	0.013227297557359022
30.181363994425105	4.99183872287498	0.014968436717351718	0.1601066240710287	0.12168184699269985	0.09983677445749958	0.010815650566229122
42.9950623924669	7.111156983587156	0.021323385871463693	0.22808095395067798	0.17334268273786788	0.1422231396717431	0.015407506797772171
28.28542703311953	4.67826073013339	0.014028147457044256	0.15004902473979265	0.11403802044874368	0.0935652146026678	0.010136231581955679
52.32063050739544	8.653556857811108	0.025948398054725187	0.2775513897037283	0.21094046502134386	0.17307113715622213	0.018749373191924063
33.15275842571644	5.483291719690994	0.016442098726639754	0.1758693288734155	0.13366158265375674	0.10966583439381988	0.01188046539266382
52.452566516743566	8.675378379215084	0.0260138316715437	0.27825128613829736	0.2114723898642798	0.17350756758430166	0.018796653154966016
28.639063444217715	4.736750330903739	0.014203533309103508	0.15192500131725895	0.11546377217004579	0.09473500661807477	0.010262959050291433
40.35912434930358	6.6751867074461435	0.020016093338322008	0.214097784024056	0.1627154026152836	0.13350373414892286	0.014462904532799976
29.039654508476897	4.80300598412657	0.014402206304664917	0.15405006375457636	0.11707883040919075	0.09606011968253139	0.010406512965607568
31.969345470755623	5.287561446704775	0.01585518549335769	0.1695915392700135	0.12889043068920933	0.10575122893409547	0.01145638313452701
29.021966773368323	4.800080525852012	0.014393434078741149	0.15395623355007604	0.11700751897748983	0.09600161051704025	0.010400174472679359
29.070874113854803	4.808169542508726	0.014417689656826445	0.15421567805957628	0.1172046981216463	0.09616339085017452	0.010417700675435572
49.68400131396191	8.217472269053777	0.024640762745853004	0.2635645533511454	0.2003103983964184	0.16434944538107554	0.017804523249616518
50.976007684064875	8.431163321243215	0.02528153284467535	0.2704184111898322	0.2055193651438955	0.16862326642486428	0.018267520529360298
38.86155022634214	6.427495831090941	0.01927337198572717	0.20615342679859147	0.15667765079849752	0.12854991662181883	0.013926240967363706
53.77787100371261	8.894576764645048	0.02667111595955932	0.2852817844058374	0.21681560423430934	0.17789153529290097	0.01927158299006427
27.05233595744528	4.474313957498487	0.013416596377498195	0.14350770177855127	0.10906658179454724	0.08948627914996973	0.009694346907913388
25.777285557005083	4.263427333431057	0.012784235585787493	0.13674379226231467	0.10392597622870857	0.08526854666862112	0.009237425889100622
31.227305595008204	5.164831957528687	0.015487171081420345	0.16565515324538085	0.12589875732945469	0.10329663915057376	0.011190469241312156
34.92856098987478	5.77700011556017	0.01732280737549417	0.18528963716751998	0.14082106477461356	0.1155400023112034	0.0125168335837137
46.22422662429929	7.645243748451768	0.02292488872146906	0.24521108046931706	0.1863616658442877	0.15290487496903535	0.016564694788312163
30.101698714279742	4.97866250491572	0.014928926750053823	0.15968401430885548	0.12136066142828765	0.0995732500983144	0.01078710209398406
45.405576205614366	7.509843278769748	0.02251887933806328	0.2408682895055228	0.1830611226678651	0.15019686557539494	0.01627132710400112
28.75502253282257	4.755929353723049	0.014261043177772922	0.15254014310509553	0.11593128305125167	0.09511858707446098	0.010304513599733273
45.126411060551995	7.463670833367453	0.022380427483855332	0.23938736939394353	0.1819356158659376	0.14927341666734906	0.01617128680562948
39.009594835993745	6.451981630185653	0.019346794657125518	0.20693877641591196	0.15727452049408353	0.12903963260371307	0.013979293532068914
31.04527630451662	5.1347252711264035	0.015396893719670573	0.16468952110271043	0.12516487199949156	0.10269450542252809	0.011125238087440542
43.4283935114416	7.182827669508582	0.021538296285493745	0.2303796963990569	0.17508973866701658	0.1436565533901716	0.015562793283935259
26.488847880461787	4.3811159958992665	0.013137134666527566	0.1405185004380563	0.10679477360263183	0.08762231991798533	0.009492417991115077
43.694762509548205	7.2268836995663195	0.021670401895179325	0.23179273528795225	0.17616365539514042	0.14453767399132642	0.015658248015727027
50.372315988069296	8.331315892700708	0.024982132163182916	0.2672159369927278	0.2030854684983872	0.16662631785401416	0.018051184434184867
31.50088042420966	5.210079794116324	0.015622850420469379	0.16710641775225818	0.12700172572127735	0.10420159588232648	0.01128850622058537
24.982778065207476	4.132019976762148	0.012390199878367796	0.13252907511651732	0.10072276980406429	0.08264039953524296	0.00895270994965132
45.02095737567069	7.4462293490211	0.02232812776641876	0.23882795685429445	0.18151045949623498	0.148924586980422	0.016133496922879048
36.48420230069962	6.034294999108635	0.018094327129216492	0.1935420302199877	0.14709292538350707	0.12068589998217268	0.01307430583140204
31.69736442725219	5.2425772138815265	0.015720296591757724	0.1681487295051965	0.12779388794426869	0.10485154427763052	0.011358917296743307
36.80771255226421	6.087801891683319	0.018254771923190926	0.195258193022966	0.148397217824986	0.12175603783366638	0.013190237431980525
29.253776802470387	4.838420684362946	0.014508400180064513	0.15518594341978884	0.11794210472045959	0.09676841368725891	0.010483244816119716
28.74520805918575	4.754306091449219	0.014256175693070383	0.15248807911483592	0.11589171415437843	0.09508612182898436	0.010300996531473306
24.551400578205328	4.060672411284604	0.012176258367418459	0.13024069632896756	0.09898359030975162	0.08121344822569208	0.008798123557783309
32.90806186831027	5.442820197236279	0.016320741556196214	0.1745712583244721	0.13267504244757392	0.10885640394472557	0.011792777094011936
54.13039688141506	8.952882689037848	0.026845951042976626	0.2871518698064523	0.21823687863130078	0.17905765378075697	0.019397912492915337
37.272461709959565	6.16466895581719	0.01848526410232812	0.19772360242898884	0.15027094148794298	0.12329337911634379	0.013356782737603911
25.311242015135008	4.186346184968629	0.012553101457280223	0.13427151638463383	0.10204703401243746	0.08372692369937258	0.009070416734098696
26.15582600119227	4.326035930173633	0.01297197258418239	0.13875188018717954	0.1054521332446288	0.08652071860347267	0.009373077848709539
45.22902542234481	7.480642708621834	0.022431319040017918	0.2399317198431441	0.18234932497044437	0.14961285417243667	0.016208059202013972
43.90782855782166	7.26212370232093	0.0217760719258906	0.23292301176251842	0.1770226712530764	0.1452424740464186	0.01573460135502868
33.03776565409693	5.4642725206141405	0.016385068102534758	0.1752593132207111	0.13319796766127143	0.1092854504122828	0.011839257127997303
49.28750873311418	8.15189448341182	0.02444412239167908	0.2614612326198336	0.19871186396419843	0.16303788966823637	0.017662438047392273
43.88337067514291	7.258078497277915	0.02176394204769198	0.23279326716156729	0.17692406469777194	0.1451615699455583	0.015725836744102148
53.426871171300384	8.836523240109788	0.026497037717759516	0.28341979439679094	0.2154004823760018	0.17673046480219576	0.019145800353571205
26.25469784705114	4.342388812994026	0.013021008040901188	0.1392763772728335	0.10585075369206473	0.08684777625988051	0.009408509094820388
28.457700915778343	4.706753923434897	0.014113586627755872	0.15096290622550707	0.11473257501673474	0.09413507846869795	0.010197966834108944
53.0223102469409	8.769610992924644	0.02629639587149636	0.28127367257664326	0.2137694188990089	0.17539221985849288	0.019000823818003394
47.19956823478958	7.806560116399088	0.023408609045610707	0.2503850895896619	0.19029393903893907	0.15613120232798175	0.016914213585531357
28.051046775201232	4.639495469306541	0.013911906651655292	0.14880568027560195	0.11309307234476167	0.09278990938613083	0.010052240183497506
36.44047274577718	6.02706236092713	0.018072639472036408	0.1933100529173034	0.1469166214559538	0.1205412472185426	0.013058635115342115
51.334474774665274	8.490451890973395	0.025459314470512594	0.27232001363984704	0.20696459265841122	0.16980903781946788	0.018395979097109022
34.855133978637106	5.764855674438525	0.017286391275437945	0.18490012028262828	0.1405250299649143	0.11529711348877049	0.012490520627950136
30.876923497345576	5.10688060306911	0.015313399204949733	0.16379644020636605	0.12448612598500518	0.1021376120613822	0.011064907973316404
45.69778978486553	7.558173866496838	0.022663802558557333	0.2424184291774824	0.18423923668703918	0.15116347732993676	0.016376043377409815
37.521858900141325	6.205917938187751	0.018608952549921374	0.19904660897634632	0.1512764331794951	0.12411835876375502	0.013446155532740128
44.91463213831436	7.428643714483434	0.022275395802842934	0.2382639208879339	0.18108178929876328	0.14857287428966867	0.016095394714714106
42.270844497814515	6.991375156265087	0.020964210264699294	0.22423911028098695	0.17042286204776444	0.13982750312530173	0.015147979505241022
27.53691042676785	4.554460023810393	0.013656920912871696	0.14607828084212765	0.11102023493108436	0.09108920047620786	0.009867996718255853
29.793041188214897	4.927612174950452	0.014775848159997745	0.158046642502151	0.1201162505439186	0.09855224349900903	0.010676493045725977
25.469071932407005	4.212450422431589	0.012631377148505695	0.13510877527182316	0.10268335501661438	0.08424900844863177	0.009126975915268442
38.33842450553097	6.340973590725682	0.019013927970916365	0.20337834038635147	0.15456857103889998	0.12681947181451364	0.013738776113238978
34.64690600761052	5.730415864191771	0.01718312068741318	0.1837955089242952	0.1396855197255912	0.11460831728383543	0.012415901039082172
31.41668115826202	5.196153678773335	0.015581091824528657	0.16665975602343017	0.1266622605401202	0.1039230735754667	0.01125833297067556
26.161593272638296	4.3269898065105314	0.012974832860400774	0.13878247450894363	0.10547538508446581	0.08653979613021064	0.009375144580772819
43.873404686829915	7.256430175274254	0.021758999419339762	0.23274039941362118	0.17688388494097707	0.14512860350548507	0.01572226537976088
24.41579111237935	4.03824331951713	0.012109002901168927	0.12952131287865423	0.09843685523593432	0.08076486639034258	0.008749527192287113
37.02622172489178	6.12394215855221	0.0183631414694859	0.19641734427817145	0.14927817866277582	0.12247884317104417	0.013268541343529786
38.28124202910605	6.331515910147014	0.018985568342111524	0.20307499779195753	0.15433802912739836	0.12663031820294027	0.013718284471985196
33.4151578065439	5.5266911959477625	0.016572235606050287	0.1772613096676027	0.13471949512301173	0.11053382391895526	0.011974497591220153
44.895597996850555	7.4254955676855205	0.02226595582716723	0.23816294824360856	0.18100504957654054	0.1485099113537104	0.016088573729985293
25.563609553267934	4.228086447253702	0.01267826304788134	0.13561028008540774	0.10306450122056918	0.08456172894507404	0.009160853969049688
43.17496465385831	7.140911870573453	0.021412608333889478	0.2290353025924239	0.17406799254985367	0.14281823741146907	0.015471975719575815
47.5732873847453	7.868371296456209	0.023593954924849718	0.2523676014291253	0.19180065810013042	0.15736742592912414	0.01704813780898845
34.13183639653713	5.645226061967883	0.016927672097355767	0.1810631587029544	0.13760891968800512	0.11290452123935765	0.012231323134263745
53.597293917525185	8.864710265189926	0.026581558818016812	0.2843238559417893	0.21608757373920304	0.1772942053037985	0.019206872241244836
31.299670413198836	5.176800717511984	0.015523060387213626	0.1660390353901425	0.12619050970805343	0.1035360143502397	0.0112164015546093
34.278963876715494	5.669560172675702	0.017000639918718714	0.18184364311591145	0.13820209180357926	0.11339120345351404	0.012284047040797354
34.19950482929369	5.656418064523262	0.016961232232466407	0.18142212738067326	0.13788173770519083	0.11312836129046523	0.012255572473133733
30.931276726786102	5.115870341090382	0.015340355669721074	0.16408477416220335	0.12470526125502027	0.10231740682180762	0.01108438573902916
43.80388026999693	7.244931202722969	0.0217245188095877	0.23237158507932895	0.17660358417481917	0.14489862405445939	0.0156973509392331
33.99649159642948	5.622840744516957	0.016860547891975015	0.18034517925594173	0.13706325166382313	0.11245681489033914	0.012182821613120072
41.291387890092665	6.829378189437981	0.020478449109146854	0.21904327185183675	0.16647399846761562	0.1365875637887596	0.014796986077115624
47.992263421021384	7.937667727267815	0.023801745940731107	0.2545901927854077	0.193489838812744	0.1587533545453563	0.017198280075746933
42.19148047432131	6.978248764570207	0.020924849705530664	0.22381809863033594	0.17010289105622112	0.13956497529140413	0.015119538989902113
47.85741887911279	7.915365149889537	0.02373486983822579	0.2538748671167807	0.19294618767360555	0.15830730299779075	0.017149957824760663
48.640423683050216	8.044870022539229	0.024123200791700272	0.2580285646041765	0.19610301884812975	0.16089740045078457	0.01743055171550166
34.61432199613918	5.725026640224317	0.017166960658535697	0.18362265669414657	0.1395541511532829	0.11450053280448634	0.012404224387152687
40.221124114062405	6.6523621950029685	0.019947652170832875	0.21336571797861317	0.16215902870479118	0.13304724390005934	0.01441345142250643
47.46733940823527	7.850848058876531	0.023541410063656232	0.2518055667626565	0.19137350890073504	0.1570169611775306	0.017010170794232483
46.32075950768314	7.66120977919164	0.02297276417058186	0.24572316978619776	0.18675085632447433	0.1532241955838328	0.01659928785491522
25.25817278208585	4.177568813191231	0.012526781790061744	0.13398999379516072	0.1018330754154337	0.08355137626382461	0.009051399095247666
25.598391206279544	4.233839149563015	0.012695512996297426	0.13579479040257983	0.10320472999819148	0.0846767829912603	0.009173318157386532
44.573562719241515	7.372232628038475	0.02210624254599996	0.2364546099080954	0.17970670377005168	0.1474446525607695	0.015973170694083362
43.8522752450961	7.252935476841834	0.021748520280241688	0.2326283115840211	0.17679869762152492	0.1450587095368367	0.01571469353315731
37.968481985821896	6.279787045430286	0.018830455110102482	0.20141586288063332	0.15307707817304908	0.12559574090860573	0.013606205265098953
35.44402514668271	5.8622551735715716	0.017578451640368007	0.18802408038192805	0.14289925549755472	0.11724510347143142	0.012701552876071737
48.575374026060196	8.034111151709782	0.024090939437497936	0.25768348805364094	0.19584075891811964	0.16068222303419563	0.017407240828704526
35.1101045576944	5.807026465989469	0.017412843843257836	0.18625269264012154	0.14155299182224523	0.11614052931978938	0.012581890676310516
25.034436823753136	4.140564063481738	0.012415820021259091	0.13280311539633938	0.10093104180775331	0.08281128126963476	0.008971222137543765
51.63795276215221	8.54064555252419	0.025609824270256373	0.27392990894031743	0.20818812125857178	0.17081291105048377	0.018504732030469075
41.735227981828785	6.902787004132438	0.020698571444473055	0.22139776248149703	0.1682634232975152	0.1380557400826488	0.014956038508953617
51.04576991757853	8.442701627421561	0.025316131399525408	0.2707884870981838	0.20580062471274224	0.1688540325484312	0.018292520192746714
54.5951594050878	9.029751963834018	0.027076449850965512	0.28961735011654427	0.2201106561817102	0.18059503927668039	0.01956446258830704
54.210087068815724	8.966063026526017	0.026885473363019063	0.28757461169706605	0.2185581646139986	0.17932126053052036	0.01942646989080637
49.41658141848882	8.17324242610379	0.02450813594399298	0.26214593964364263	0.19923224477785523	0.16346484852207582	0.01770869192322488
33.56646039420141	5.551715847453885	0.016647274070479494	0.17806394226325112	0.135329499969855	0.11103431694907769	0.012028717669483416
32.23072026384942	5.330791461544066	0.015984814228846997	0.17097808481339052	0.12994421234025944	0.10661582923088131	0.011550048166678808
36.36173899558177	6.0140402131177995	0.01803359149668531	0.19289238475139253	0.1465991915297845	0.12028080426235599	0.013030420461755232
28.414673666183518	4.6996374428574805	0.014092247278652749	0.15073465452432616	0.11455910256523509	0.09399274885714962	0.010182547792857875
51.98061679378674	8.597320379492434	0.02577976837463086	0.27574767904857717	0.2095696357678218	0.17194640758984867	0.018627527488900272
46.903478164219464	7.757588377414605	0.023261763280628872	0.2488143858392053	0.18910019621572455	0.15515176754829207	0.016808108151064975
32.34596510766159	5.349852352034619	0.01604196986806597	0.17158943766304197	0.130408843609212	0.10699704704069238	0.011591346762741674
50.48160456790924	8.34939164848543	0.025036333795407595	0.2677956929497786	0.20352608596857802	0.16698783296970857	0.01809034857171843
31.007369423346255	5.128455672531569	0.015378093815463035	0.1644884320209058	0.12501204327659507	0.10256911345063138	0.011111653957151732
33.22167324191352	5.494689867506181	0.016476277005173557	0.1762349093876636	0.13393942570026623	0.10989379735012361	0.011905161379596725
53.30787670830223	8.81684218234475	0.026438022456241526	0.28278855050213797	0.21492073381188143	0.176336843646895	0.019103158061746957
28.857455708133198	4.772871261687086	0.014311844874564278	0.15308353239309755	0.11634426166836871	0.0954574252337417	0.010341221066988685
49.3073521288206	8.155176476601355	0.024453963716708032	0.2615664982101247	0.19879186634714605	0.1631035295320271	0.01766954903263627
