36.42782039596172	7.519475538182258	0.02272320385943941	0.11838213504652664	0.14572194514112682	0.12000000000000001	0.013
36.387293098498574	7.176943502836028	0.02072922801200749	0.11744193027447275	0.14509877816741476	0.12000000000000001	0.013
36.75240687296206	9.762672777407289	0.05793566545055534	0.10938115666839834	0.15658046005378817	0.12000000000000001	0.013
36.631418754902015	8.810158847974702	0.0492874630964771	0.10888999618963284	0.15389816922542343	0.12000000000000001	0.013
36.3400007421918	6.834400838177178	0.016203082366466694	0.1182342066813706	0.1437009613043146	0.12000000000000001	0.013
36.564026953968046	8.022432479361193	0.05436396124779331	0.10011683914301825	0.15542091544490613	0.12000000000000001	0.013
36.305062963330066	6.353643862686767	0.02161939731644273	0.1112937961661906	0.1453394621999297	0.12000000000000001	0.013
36.68399462499237	9.934010419769388	0.025733041017336686	0.13256746789859433	0.1467355147297338	0.12000000000000001	0.013
36.41611159329904	7.058390015501639	0.036078757096447096	0.10614191292357064	0.14978999917211996	0.12000000000000001	0.013
36.6266148181659	8.649894954612428	0.053654725101965395	0.10482360581140146	0.15522805704002973	0.12000000000000001	0.013
36.53879427656697	8.931650009731243	0.009938401238107207	0.1366306573688475	0.14186504731413374	0.12000000000000001	0.013
36.44864247240943	7.2064680947433	0.04256021213911991	0.10270344589954196	0.1517785172633061	0.12000000000000001	0.013
36.71627447744487	9.849322235103738	0.041075503961854144	0.1215001271867913	0.15142587548198988	0.12000000000000001	0.013
36.58421444749895	8.135126752162114	0.0575858114893391	0.09867058975104685	0.15641088501341888	0.12000000000000001	0.013
36.67327900052002	9.454874260402523	0.040154846114276214	0.1194762559073991	0.1511290662528973	0.12000000000000001	0.013
36.46382654460488	7.060971881866059	0.053842076418583684	0.09400532489849996	0.15522430983605992	0.12000000000000001	0.013
36.47176451428337	8.108326634274007	0.016519920670917995	0.1265882471538968	0.14384684646308596	0.12000000000000001	0.013
36.70024577530247	9.336946495838271	0.054787089396074524	0.10867122722376235	0.155600876937963	0.12000000000000001	0.013
36.46154855352581	8.164907667461383	0.010518671282148685	0.13107507249626052	0.14201309947115182	0.12000000000000001	0.013
36.58005945314774	8.804725157621728	0.030269554012678265	0.12186580865197502	0.1480799408546136	0.12000000000000001	0.013
36.3455673811764	7.006749943149405	0.011656404641890654	0.12250466419503947	0.1423166504939811	0.12000000000000001	0.013
36.65752661022363	8.576449280093373	0.06805251687198346	0.09447826314690509	0.15962985301582008	0.12000000000000001	0.013
36.4679526344032	7.530798681611154	0.03731155175559669	0.10847672558687596	0.1501852943221949	0.12000000000000001	0.013
36.64211965978276	8.51439052076807	0.06467226947971028	0.09637356042565379	0.15859337200741697	0.12000000000000001	0.013
36.682695094936356	9.6499892500319	0.03617340794281204	0.12351313337604156	0.14991855022693387	0.12000000000000001	0.013
36.68622447038595	9.544399277881391	0.04155692776642286	0.11911924236129456	0.15156143600153846	0.12000000000000001	0.013
36.635330085500456	9.68085781456192	0.017254188616336204	0.13666565806835765	0.14413190843798	0.12000000000000001	0.013
36.3433741953972	6.419576339026138	0.033425100213767954	0.10365972401930908	0.14895363436263329	0.12000000000000001	0.013
36.6085132428579	9.303030204987365	0.021750772710682955	0.1310470396595151	0.14549299790532486	0.12000000000000001	0.013
36.54037655677282	8.156057937467217	0.04036932102367185	0.11059122148983161	0.15114476558829665	0.12000000000000001	0.013
36.636028524690516	9.710331913962898	0.016381730058264838	0.13746090708196781	0.14386613581604396	0.12000000000000001	0.013
36.49821535896855	8.465307577996894	0.012688333805012667	0.1316116094239224	0.14268839393668106	0.12000000000000001	0.013
36.431461414091494	7.682736134277297	0.01780530056786859	0.1228454448231089	0.14422371854697583	0.12000000000000001	0.013
36.37255401523658	6.400941650579214	0.04506581996078572	0.09556957791150163	0.15251408443612316	0.12000000000000001	0.013
36.590770466351934	8.238645293119012	0.05605756881494678	0.1004126996667898	0.1559473383459178	0.12000000000000001	0.013
36.52398474048974	8.440094152349804	0.02330541331452668	0.12417759400348856	0.14593543589487676	0.12000000000000001	0.013
36.37661870151134	7.285821304141184	0.012544396642119739	0.12377464537862873	0.142599032559046	0.12000000000000001	0.013
36.41650995384368	6.880077141753524	0.04308794009424444	0.1001464447930794	0.1519274182815113	0.12000000000000001	0.013
36.45788628657968	7.795008496294933	0.02337841816446342	0.11978758063244636	0.145932979128568	0.12000000000000001	0.013
36.58885289112168	8.36702221707019	0.050400785706330685	0.10514686996192812	0.15422173069605888	0.12000000000000001	0.013
36.35145162920525	6.342661683009989	0.03940804212779741	0.09904862267555452	0.15078099925218172	0.12000000000000001	0.013
36.35058922774471	7.061039990171327	0.011447745066162284	0.12301268975114481	0.14225490305606078	0.12000000000000001	0.013
36.67176964954452	9.21036937085838	0.04899639397553339	0.11178172097736337	0.1538245045207163	0.12000000000000001	0.013
36.3626749692682	6.824253709318938	0.025081824185452867	0.11209095513659316	0.14641678443595169	0.12000000000000001	0.013
36.535518534932734	7.826542345333449	0.051227786235131835	0.10094473591491131	0.15445395869918718	0.12000000000000001	0.013
36.40444395045987	7.061860583022158	0.031577319175608035	0.10924522119826328	0.14841303826456437	0.12000000000000001	0.013
36.43245505244035	7.7001929237583235	0.017505683153309488	0.12316789531708455	0.14413272949399294	0.12000000000000001	0.013
36.357928173751134	6.068697667190305	0.052372554549892036	0.08833488919880045	0.15473661590676804	0.12000000000000001	0.013
36.74340811946618	9.709452839902607	0.0566143542573519	0.1099271621333571	0.15617419506651636	0.12000000000000001	0.013
36.67569641133872	9.121112788850352	0.0539003019026163	0.10782587757309836	0.155321293582667	0.12000000000000001	0.013
36.63873261506654	8.479261648611423	0.06475576757408558	0.09608008662161888	0.15861756600877444	0.12000000000000001	0.013
36.40892024630555	7.191278347711487	0.028274113103011235	0.1123760375968884	0.147407484426317	0.12000000000000001	0.013
36.7076435071435	9.154219734714733	0.06458637977936134	0.10073702508658561	0.15859168499400628	0.12000000000000001	0.013
36.46510218505173	7.024034315328677	0.055740689201197506	0.09245775074703137	0.15580372001829432	0.12000000000000001	0.013
36.45671153806023	6.796824610847025	0.06134076330933748	0.08709744609175889	0.15750818092539778	0.12000000000000001	0.013
36.598859007667876	8.22882925891176	0.05946325107696952	0.0980164340674153	0.15698883832249858	0.12000000000000001	0.013
36.42795477349692	7.627812621516793	0.01860556587395782	0.12192837090174194	0.14446642755741645	0.12000000000000001	0.013
36.73351915813146	9.999542826915508	0.041751965494726935	0.12204794785134115	0.1516385937347498	0.12000000000000001	0.013
36.654969313360425	8.69882942930936	0.06238695439498076	0.0991780948199228	0.15790132909744498	0.12000000000000001	0.013
36.52953676643598	8.258891802502301	0.03235509501222225	0.11676654266079514	0.1486969798481821	0.12000000000000001	0.013
36.61397507521827	8.803552616944264	0.043011372922929295	0.11313975550838845	0.15197791377511732	0.12000000000000001	0.013
36.49099303001861	7.646599983429568	0.04148188558052889	0.1064024116862053	0.1514655464243168	0.12000000000000001	0.013
36.28552171967611	6.277880859861114	0.01721865860551473	0.11379513000127897	0.14399026257032943	0.12000000000000001	0.013
36.49967780007637	7.731639572292126	0.041461487925069936	0.10698850469270225	0.15146257437995916	0.12000000000000001	0.013
36.715199598609736	9.384191613907488	0.058567613697662474	0.10640238934834988	0.15675924265002267	0.12000000000000001	0.013
36.61442685303714	8.2838161514853	0.06317580018933962	0.09584619171716521	0.15812670636374548	0.12000000000000001	0.013
36.66012008467274	9.362695790125361	0.03877494209217036	0.11980024302435197	0.15070337918355026	0.12000000000000001	0.013
36.66450414898654	9.531582019493372	0.03391877747318244	0.12425915878913621	0.14922425607461795	0.12000000000000001	0.013
36.35001558068881	6.460285300147576	0.03434522533559175	0.10330404432419335	0.14923668642735646	0.12000000000000001	0.013
36.44345760958541	7.8631882991309645	0.015353861474563055	0.12573682167322034	0.1434807012385713	0.12000000000000001	0.013
36.55450719568882	7.689137024759791	0.06362266987088908	0.09153950315277815	0.1582405606451573	0.12000000000000001	0.013
36.52219660932362	7.294531602742684	0.066708082813566	0.08677355232094042	0.15916929535038143	0.12000000000000001	0.013
36.52115996056726	7.5671007155887455	0.05583372356691876	0.096047783483866	0.15585305143208172	0.12000000000000001	0.013
36.50429411648729	7.233714852415286	0.06234581743700988	0.0893491187317375	0.15783243999076751	0.12000000000000001	0.013
36.3450685850016	7.024185032327559	0.010798911800063751	0.12320867633797276	0.14205499357261556	0.12000000000000001	0.013
36.46157881427809	6.753452395566071	0.06483150063620625	0.08441722226831935	0.15857441165524305	0.12000000000000001	0.013
36.33837263547224	6.505015353423059	0.028265698507134094	0.10776469636036642	0.14737853711760288	0.12000000000000001	0.013
36.38318755084259	6.535720820741686	0.043861384482538804	0.09730045148256694	0.15215079924745697	0.12000000000000001	0.013
36.39815942670292	6.919097341626236	0.03471702114687993	0.10613649018998969	0.1493680595386482	0.12000000000000001	0.013
36.63502034340159	8.79698593652916	0.05114254797326629	0.10753209042658905	0.15446517648728986	0.12000000000000001	0.013
36.421040368869974	6.522233154050142	0.05855092612060176	0.08715887929939324	0.1566441524621052	0.12000000000000001	0.013
36.552594144204654	7.848199860877678	0.05678703200420163	0.0972867167748214	0.15615549323816622	0.12000000000000001	0.013
36.43006198681275	6.564704702199843	0.06029430887338339	0.08625177152366674	0.1571791258697686	0.12000000000000001	0.013
36.662134734803125	9.361997537920146	0.03955601303593399	0.11926112353292241	0.15094230007019976	0.12000000000000001	0.013
36.35944061717985	7.050196896504506	0.015178521451259247	0.12038707940755243	0.1433958173963187	0.12000000000000001	0.013
36.52717393002476	8.742803224875347	0.012853501555851053	0.13336555775753198	0.14274958674154337	0.12000000000000001	0.013
36.63508161291456	8.87123283427263	0.04830905861358365	0.10997033557852755	0.15360119967115315	0.12000000000000001	0.013
36.448996916110296	7.150510342364538	0.04484570867351277	0.10076319382349397	0.15247555321410164	0.12000000000000001	0.013
36.59959227602571	8.555776931971113	0.04715942923306252	0.10863458002516557	0.1532373784041433	0.12000000000000001	0.013
36.56661588890681	7.891207712237984	0.060381637908058776	0.09511657951541051	0.1572568193613729	0.12000000000000001	0.013
36.709443423039616	9.979944533414406	0.03349291854958331	0.12756707006959034	0.14911120652365017	0.12000000000000001	0.013
36.45296769705718	7.993224212363623	0.013911332635511696	0.12759869059369452	0.1430443954843209	0.12000000000000001	0.013
36.45271192830972	7.863643104737096	0.018800826411257007	0.12338141081238672	0.14453522525138365	0.12000000000000001	0.013
36.650822330420645	9.484221147975486	0.030618896257476602	0.12619835389506007	0.14821292578377648	0.12000000000000001	0.013
36.75681128377333	9.783211031570083	0.058794360416923	0.1089318023065401	0.1568439440486193	0.12000000000000001	0.013
36.40349361382196	7.226867114243969	0.024873419035494206	0.11494228617500608	0.14636850090031817	0.12000000000000001	0.013
36.590487718947166	8.161402250762778	0.058923413003201516	0.09793215908600712	0.15682109811281625	0.12000000000000001	0.013
36.371712274497575	6.703609972202626	0.033106450180035524	0.1057886953493946	0.14886706733872887	0.12000000000000001	0.013
36.493028983538174	8.107554265783298	0.024510237458164677	0.12111594310394842	0.1462912400404611	0.12000000000000001	0.013
36.3589287773305	6.83785716669376	0.023156041362964626	0.11350013027354146	0.14582816557837125	0.12000000000000001	0.013
36.47137270380191	7.915826397745129	0.023779110080746183	0.12032626953001731	0.14606020311301882	0.12000000000000001	0.013
36.340651333411344	6.224723439727647	0.03990214492017137	0.09791707436537107	0.1509276243912575	0.12000000000000001	0.013
36.6567809035927	8.746497429438936	0.06123126125325683	0.10028954412197146	0.15754960763772605	0.12000000000000001	0.013
36.675111073666564	9.361705422729134	0.044425095182687044	0.1159276512264682	0.15243185402277026	0.12000000000000001	0.013
36.36885434248079	7.112746022589003	0.01629626968137556	0.12004312081744355	0.14374016627179936	0.12000000000000001	0.013
36.6197414883364	9.601361407117677	0.014476800773555539	0.138031150321673	0.14327918602165635	0.12000000000000001	0.013
36.65790479767662	9.40727929451486	0.03623040717105202	0.12184120883829452	0.14992666026886833	0.12000000000000001	0.013
36.41194750730954	6.438078071140144	0.05838452125041186	0.08670655054241434	0.1565900112721068	0.12000000000000001	0.013
36.68007624553099	9.710802523114932	0.032853403135695	0.12619388060445655	0.1489052207953212	0.12000000000000001	0.013
36.690969453631	9.092437278217869	0.060721147643463515	0.10296601592705829	0.15740684652047962	0.12000000000000001	0.013
36.60195106510014	8.37865216580947	0.05485681266021224	0.10217622716598329	0.1555853796482863	0.12000000000000001	0.013
36.51924969196283	7.521779880552586	0.05686217518346429	0.09503918640696263	0.1561659369591413	0.12000000000000001	0.013
36.646789047173634	9.139599906520829	0.04236725645918412	0.11584135829227521	0.15179377790525855	0.12000000000000001	0.013
36.34029606357572	6.9851220763139015	0.010515092575624803	0.12314005908825353	0.14196666549850182	0.12000000000000001	0.013
36.64220216405708	8.867143546676317	0.05113204308743986	0.10801129039120899	0.1544646589561686	0.12000000000000001	0.013
36.510685243240204	7.579156921021195	0.05144856461020806	0.09912929494355727	0.15451199290310536	0.12000000000000001	0.013
36.28569716892594	6.160452172158188	0.021802056026245843	0.10986904652332229	0.14538791737929405	0.12000000000000001	0.013
36.45457040437915	6.602237252196831	0.06802536891699475	0.08121456634395967	0.159545678853309	0.12000000000000001	0.013
36.399452022237675	7.068143029145277	0.029466834348823655	0.11073151759532192	0.14776763343278895	0.12000000000000001	0.013
36.59902966259468	8.662088967443712	0.04285877217747815	0.11229241628263777	0.15192579321873412	0.12000000000000001	0.013
36.59738786622467	9.259490242034207	0.019260927389978918	0.13245770136748075	0.14472962322298719	0.12000000000000001	0.013
36.64866490287632	8.925275381480036	0.05131499709931164	0.10827721452439328	0.15452286283901212	0.12000000000000001	0.013
36.64813192270461	9.647353929917914	0.0233356670758332	0.1322791990675622	0.1459910862186306	0.12000000000000001	0.013
36.57564094419648	9.277478805300282	0.010427657408440903	0.13862259659527734	0.14202801232759668	0.12000000000000001	0.013
36.55152332637975	8.266189449064031	0.04030526529306662	0.11137600165309686	0.15112940180865492	0.12000000000000001	0.013
36.363408616624206	6.907264670865457	0.02216287629490948	0.11464663605187836	0.1455270006758067	0.12000000000000001	0.013
36.71017021735547	9.342378870601898	0.05829342580316916	0.10630868192926428	0.15667375534882802	0.12000000000000001	0.013
36.32075454250748	6.249097454506968	0.031515832054797834	0.1038191146850852	0.14836299343884635	0.12000000000000001	0.013
36.70908632585493	9.386428869334788	0.056192967016875234	0.10804221410092818	0.1560328691225605	0.12000000000000001	0.013
36.26020807988415	6.108478579875941	0.014259445885018608	0.1146801534707855	0.14307846062314153	0.12000000000000001	0.013
36.70264357648306	9.268924317124398	0.05830168320561919	0.10580883827391205	0.15667345862110804	0.12000000000000001	0.013
36.58121413929541	8.079605209583582	0.05859863563558418	0.09760405605993451	0.1567185977215803	0.12000000000000001	0.013
36.61396996336926	9.259792811482814	0.025456988525090173	0.12822028893642687	0.14662515368424206	0.12000000000000001	0.013
36.70475009875496	9.453438400051454	0.05199165943143158	0.11136765105842408	0.15475016684935403	0.12000000000000001	0.013
36.470729482304826	7.1634826688244875	0.052482477170539985	0.0956252661237901	0.15481231637677295	0.12000000000000001	0.013
36.621245330271734	9.359774451176527	0.024334113837627225	0.1296612434676346	0.1462854825642864	0.12000000000000001	0.013
36.448084699024996	6.73268188168883	0.06057890422635582	0.08718717782959781	0.15727264555354514	0.12000000000000001	0.013
36.48574935426032	8.051264707979328	0.02395059489721183	0.12112015016941524	0.1461178691909825	0.12000000000000001	0.013
36.7739558561628	9.686507113400314	0.0689330238807226	0.10134414727513187	0.15994188006062843	0.12000000000000001	0.013
36.56425244862239	8.952304845718894	0.018674332296338077	0.13079235140528972	0.14453836504081113	0.12000000000000001	0.013
36.662281231694834	9.212544448051167	0.04536061445998554	0.11428401546303706	0.15271231881463496	0.12000000000000001	0.013
36.69244010705614	9.809535121036996	0.03368351892437105	0.1262901631594598	0.1491629667655671	0.12000000000000001	0.013
36.592314346113255	8.239623145548416	0.05659791828699468	0.10004956244963267	0.15611268136297154	0.12000000000000001	0.013
36.46795948474391	7.27071657243719	0.047319993997946196	0.09987898036771223	0.15323711401747223	0.12000000000000001	0.013
36.37802438936079	6.91969169243557	0.027156369072488397	0.11131361281455388	0.14705510352280388	0.12000000000000001	0.013
36.28483261494462	6.221122034070991	0.019144309498328196	0.11209570076832177	0.14457718260664262	0.12000000000000001	0.013
36.6638478863098	9.133810514386147	0.04897616144130743	0.11128048521636241	0.15381537276210366	0.12000000000000001	0.013
36.649816546836696	8.716030573122918	0.0597961937844117	0.10106646364095273	0.15710941636785852	0.12000000000000001	0.013
36.67094917691131	9.6244879146171	0.032757273712390046	0.12567893917763195	0.14887249550415613	0.12000000000000001	0.013
36.694478579299954	9.749682464648103	0.036749295926683995	0.12378982574233216	0.1500985589307775	0.12000000000000001	0.013
36.41953519514911	6.7201318377424695	0.050373889501036426	0.09408518338288856	0.15415021252141722	0.12000000000000001	0.013
36.4462100821722	6.861748918466087	0.0549116530701287	0.09193315353688891	0.1555438620061286	0.12000000000000001	0.013
36.63037505948248	8.822901607161207	0.04840650416158969	0.10957849476622683	0.1536291531555855	0.12000000000000001	0.013
36.60181282458616	8.751062537037814	0.04047769057929751	0.11452019587715954	0.1512007843775451	0.12000000000000001	0.013
36.3381801457231	6.703421723856785	0.020560548729877785	0.11437154327589076	0.14502897781891047	0.12000000000000001	0.013
36.50614534396828	7.746643056825329	0.04330547447009839	0.10582776015035124	0.15202726922365797	0.12000000000000001	0.013
36.71885996266137	9.201737044095058	0.06695730508955242	0.09943448955789455	0.15931883213593087	0.12000000000000001	0.013
36.61038698890044	8.960691215659503	0.035622695470671074	0.11925242196487178	0.14972358478139178	0.12000000000000001	0.013
36.44343012270734	7.766255512151027	0.01907276918680812	0.12254013049943355	0.144614676249346	0.12000000000000001	0.013
36.464871635424586	7.9407219856188505	0.020387576318714046	0.12281430799631968	0.14502361099807934	0.12000000000000001	0.013
36.62047091032835	8.560112591545936	0.05480878817030512	0.10342993123353926	0.15557766136741086	0.12000000000000001	0.013
36.51683311391697	8.143515138328418	0.03203810494167164	0.11620719158796175	0.14859557130676543	0.12000000000000001	0.013
36.64490516299949	9.12130214767826	0.04236595372903952	0.115719144420987	0.15179267618696793	0.12000000000000001	0.013
36.57370835231792	7.824893646688899	0.0655880187901135	0.09110813370147222	0.158847023597791	0.12000000000000001	0.013
36.59822908246515	8.168883850745402	0.061533650699909445	0.09619652638538762	0.1576199178927773	0.12000000000000001	0.013
36.64077441504112	9.459992819519746	0.027789454015738783	0.12797129992461875	0.14734640267170496	0.12000000000000001	0.013
36.55962245861605	8.113120999069334	0.0492261186872408	0.10424237842684157	0.15385261538128003	0.12000000000000001	0.013
36.532441826883364	8.034560071031665	0.04207312766062069	0.1086080249530658	0.15166133039904026	0.12000000000000001	0.013
36.445804203844	7.781522477264245	0.01937418355341646	0.12243661216522017	0.14470747260561864	0.12000000000000001	0.013
36.57394496787764	8.042518527212065	0.05730413515910827	0.0982402598750312	0.1563211547555297	0.12000000000000001	0.013
36.58515444652129	8.274567933827589	0.05257313057802909	0.10303849366560018	0.15488274836664087	0.12000000000000001	0.013
36.753688273799675	9.714458703148535	0.06027026445714222	0.10745940644160838	0.15729281517944585	0.12000000000000001	0.013
36.33463792961166	6.636435839706552	0.021811559424040006	0.11306490761310196	0.1454091167427034	0.12000000000000001	0.013
36.744592520196576	9.937614148658248	0.04827992764632274	0.11716475853406808	0.153633268869166	0.12000000000000001	0.013
36.71649053150272	9.674191575431166	0.04789401227309545	0.11565653141918969	0.15350508507410887	0.12000000000000001	0.013
36.373770994133295	7.090108377676131	0.01900779098025392	0.11803554936965192	0.1445688135725179	0.12000000000000001	0.013
36.61074704127351	9.16970610422495	0.02771626542327352	0.12606836108112485	0.1473128568642707	0.12000000000000001	0.013
36.682652050079625	9.010348573728336	0.06076554682753895	0.10238335388678253	0.1574172745917073	0.12000000000000001	0.013
36.73284506211057	9.836505019212478	0.04777199958887431	0.11683204074335955	0.15347399626969582	0.12000000000000001	0.013
36.54948967249982	8.529511141284233	0.02941343226780341	0.12059997308160893	0.14780745687773245	0.12000000000000001	0.013
36.57242851655608	8.402942072724642	0.042870220883283204	0.1105410723299519	0.15191933662758786	0.12000000000000001	0.013
36.55221588625328	7.920508019898076	0.053863587556242126	0.09977346708275878	0.15526392256807067	0.12000000000000001	0.013
36.64250880509413	8.523517096859287	0.06446683297406353	0.09657552605592083	0.1585308749490971	0.12000000000000001	0.013
36.44183125562031	7.6946111276805205	0.021230517071318247	0.12058174831449596	0.1452720280873989	0.12000000000000001	0.013
36.36002678116325	6.224082634325278	0.04718022296765194	0.09293298104871457	0.15315413267204736	0.12000000000000001	0.013
36.623385727629575	8.473721601733969	0.05922361781654633	0.09982800269886372	0.15692494016264108	0.12000000000000001	0.013
36.58339993844168	9.304826913547933	0.012280191156786678	0.1375390571254518	0.14259579636298397	0.12000000000000001	0.013
36.38352099538813	6.7813274786287705	0.034537235099193646	0.10533260297173144	0.14930776431990878	0.12000000000000001	0.013
36.389897458686	6.534266029802065	0.046429285501447384	0.09553366322882298	0.15293632383005373	0.12000000000000001	0.013
36.50377095737697	7.168532870059571	0.0646576476513666	0.08732878915351916	0.15853717753795413	0.12000000000000001	0.013
36.44401396818431	6.580348745560522	0.0649155383588681	0.08319510077569323	0.15859346837034313	0.12000000000000001	0.013
36.38623471988307	6.632550169311843	0.04127690951068972	0.09972024898537013	0.1513638695526792	0.12000000000000001	0.013
36.34219206465308	6.630245262792495	0.02487770188374621	0.11092535245427826	0.1463468829436606	0.12000000000000001	0.013
36.603757144960774	9.32273572713328	0.019212161197793	0.13291657637047094	0.14471713503770575	0.12000000000000001	0.013
36.573200441747574	7.912451260859529	0.062029360401018814	0.09413210453664353	0.15776171228441452	0.12000000000000001	0.013
36.429684901906185	6.373580693786687	0.0675060647321314	0.08003150782913909	0.15937802438454265	0.12000000000000001	0.013
36.33939443763689	6.917625178658966	0.012774298726874973	0.1211401612848912	0.14265521516184376	0.12000000000000001	0.013
36.58800992153841	8.871889013931696	0.030661977061128352	0.1220491769901977	0.14820257327548547	0.12000000000000001	0.013
36.5518442021521	8.765209856000407	0.021227078026239354	0.12778696670635611	0.14531211911562045	0.12000000000000001	0.013
36.54107427932471	8.728831565683448	0.01859477714850773	0.12934328178714816	0.14450543919689263	0.12000000000000001	0.013
36.40604698968935	6.893904759069288	0.038639031324884006	0.10328349279068726	0.15056692528138108	0.12000000000000001	0.013
36.36810084467139	6.300151996769119	0.047276302698700264	0.09337902763650471	0.1531864490363662	0.12000000000000001	0.013
36.689330938782575	9.41243070333995	0.047796964872110034	0.11396183576763609	0.1534653365519147	0.12000000000000001	0.013
36.28565461150939	6.103894527145934	0.023962009625882817	0.10801065700253484	0.1460465237802073	0.12000000000000001	0.013
36.51027053494588	7.602656665964378	0.05038923163839354	0.10001221176826759	0.1541888214685545	0.12000000000000001	0.013
36.44503602590197	7.644813611629281	0.02434607004128969	0.1181150031822735	0.1462232342948564	0.12000000000000001	0.013
36.32430693130675	6.594180556899384	0.019569674692433765	0.11431455374238651	0.1447216483268639	0.12000000000000001	0.013
36.35550180735099	7.1366462160043405	0.010378104192417125	0.12425322583543326	0.14193058064738803	0.12000000000000001	0.013
36.568390008513404	7.705375540946877	0.06819513474768253	0.08852019750607111	0.15964000776631515	0.12000000000000001	0.013
36.2690455389825	6.256755581348923	0.011863339699591828	0.1173171998194762	0.14235113444322306	0.12000000000000001	0.013
36.610771608272486	8.570036856374067	0.05079593497912974	0.106242361444499	0.15435041787814086	0.12000000000000001	0.013
36.61915989270221	9.271068380869918	0.026966105484493304	0.1272635867490813	0.14708726088981805	0.12000000000000001	0.013
36.73122128957712	9.810472855844075	0.04816563066324695	0.11638757040860712	0.15359341673044405	0.12000000000000001	0.013
36.30479755845546	6.556715212403253	0.013707479848982908	0.11807350241945785	0.14292682714350466	0.12000000000000001	0.013
36.6955447641736	8.99898675837504	0.06602919652089027	0.09870543623047197	0.15902711050110302	0.12000000000000001	0.013
36.42107945479598	7.596958223760769	0.017218740332676216	0.12266967515718981	0.14404097971905758	0.12000000000000001	0.013
36.52141955015874	7.390371137436413	0.06273004349783005	0.09014019037192084	0.15795600395724083	0.12000000000000001	0.013
36.55980513001126	8.803288500876297	0.022742382822597475	0.12700635871295873	0.14577714936632263	0.12000000000000001	0.013
36.58401273581601	8.70123444171422	0.0357310058739997	0.11743271879584466	0.14974674852179445	0.12000000000000001	0.013
36.37609219933866	6.436726079365765	0.04501368208764072	0.09584600504032575	0.15249950944695742	0.12000000000000001	0.013
36.28324970507187	6.167263969188524	0.020623755944831543	0.11072108802533005	0.1450277098283121	0.12000000000000001	0.013
36.450774391164494	7.363236741484426	0.03732711813126593	0.10733873731657972	0.15018361703182023	0.12000000000000001	0.013
36.301001272466586	6.2575071202810255	0.023797428262738493	0.10915675420054508	0.14600207785571778	0.12000000000000001	0.013
36.342662721726384	6.030009888104406	0.04814615049411283	0.09096637821235141	0.15344217409322594	0.12000000000000001	0.013
36.4925927438895	7.836830717085526	0.034762201205579435	0.11227998203720428	0.1494171496626463	0.12000000000000001	0.013
36.562315403788936	8.698754083631016	0.02770378073843609	0.12290839218060515	0.14729093882220226	0.12000000000000001	0.013
36.49827775790441	8.474536625300296	0.012356633708415473	0.13190065611772725	0.14258727385487607	0.12000000000000001	0.013
36.492095001662065	7.296117503368635	0.05537818192626313	0.09453632870802099	0.15570327679129647	0.12000000000000001	0.013
36.48562091037773	6.927055110767019	0.06715309701129818	0.08399672655330725	0.15929131339409014	0.12000000000000001	0.013
36.423587171210706	7.304935444775904	0.029392232281584614	0.11237567375926265	0.1477539108629921	0.12000000000000001	0.013
36.53472633298558	8.556491250630218	0.022848625181030768	0.1252732423567876	0.14580016694934703	0.12000000000000001	0.013
36.51708438038253	8.229085846223864	0.028840093585163123	0.11897103404771384	0.1476205139299039	0.12000000000000001	0.013
36.60221462943946	8.34637781450986	0.056197139744945904	0.10104201495138093	0.15599417649215674	0.12000000000000001	0.013
36.687872619289905	9.18674607836424	0.05593356383047531	0.10687625918136183	0.15594583786019933	0.12000000000000001	0.013
36.505977666493514	8.089618699093247	0.03004774507988638	0.11720641985382092	0.14798460281364634	0.12000000000000001	0.013
36.65477173154737	8.884468310878262	0.05517108911850341	0.10536426694269133	0.15570096262302105	0.12000000000000001	0.013
36.26130346963995	6.184115693595103	0.011759607124040762	0.11689946254719219	0.1423166086909662	0.12000000000000001	0.013
36.60660527143158	8.56279764842084	0.04951472493587189	0.10707028210555036	0.15395818780243348	0.12000000000000001	0.013
36.45951754875397	7.4671101367533605	0.036604004414138705	0.10853235202766663	0.1499663916262674	0.12000000000000001	0.013
36.51042785966695	7.42359660956746	0.057336925670169125	0.09405378845194809	0.15630740096262674	0.12000000000000001	0.013
36.608848236298265	9.577357101988754	0.011322278263837806	0.14002802888065058	0.14231322192382176	0.12000000000000001	0.013
36.68811823267542	9.500189160998804	0.04396673119880074	0.1171729741811285	0.1522969517776822	0.12000000000000001	0.013
36.797639612963906	9.912534505747772	0.06910358981345557	0.10274812957494633	0.16000274636940162	0.12000000000000001	0.013
36.4941481209253	7.222442788903062	0.05898120436755298	0.09157540580592698	0.1568026936172399	0.12000000000000001	0.013
36.44184852522638	7.586698349729175	0.02538860205911977	0.11701069262547358	0.1465399356534397	0.12000000000000001	0.013
36.6310864018007	9.622009995963735	0.017929509111005545	0.13580767118591952	0.14433624312113366	0.12000000000000001	0.013
36.46468192621772	7.063398822815155	0.054068929246680636	0.09386643660051928	0.1552938026459091	0.12000000000000001	0.013
36.46543847885045	6.888965075327903	0.06106296790479049	0.08790742879528948	0.15742673782531344	0.12000000000000001	0.013
36.67395953716411	9.794966567907984	0.027325583220490116	0.13054235296234193	0.14721736687687287	0.12000000000000001	0.013
36.59759885949093	9.273654193685916	0.01879499969717364	0.13287179028505988	0.14458762945416265	0.12000000000000001	0.013
36.612407542749885	8.375379337276136	0.058897229344198436	0.09938968765460765	0.15682131106412142	0.12000000000000001	0.013
36.3971759118685	6.622584977239974	0.04575625324307015	0.0965883628334964	0.15273382174702013	0.12000000000000001	0.013
36.66304363022693	9.973506222864348	0.01637030926117573	0.13923932791932028	0.1438727557186512	0.12000000000000001	0.013
36.73599494170144	9.627090147602114	0.05700780177515173	0.109103832059122	0.15629139459067892	0.12000000000000001	0.013
36.36083626499194	6.882118845182015	0.02216729653391246	0.11447443342236183	0.1455273865753098	0.12000000000000001	0.013
36.60675693702969	9.2854428090371	0.021769901345218626	0.13091562554868158	0.14549817391469153	0.12000000000000001	0.013
36.58265735996443	8.849376696354039	0.029524276950291913	0.12267615004037294	0.14785365927151556	0.12000000000000001	0.013
36.55664790124324	7.867371061853702	0.05756704890256808	0.09688199787878538	0.1563948552510146	0.12000000000000001	0.013
36.282910475835585	6.135342489661314	0.02172484453845599	0.10975294084621309	0.14536333162891318	0.12000000000000001	0.013
36.60316601550743	8.713671098426945	0.04242279665143034	0.11293775664450424	0.15179440049326015	0.12000000000000001	0.013
36.34716243926194	6.606525300988803	0.027650973888874802	0.10886824844242013	0.14719437962443377	0.12000000000000001	0.013
36.64247071827949	9.33062777159049	0.03340141647311546	0.12326114867984182	0.14905826067102176	0.12000000000000001	0.013
36.44149144313625	6.991544200436909	0.04815169197298293	0.09743167911012779	0.15348082112626052	0.12000000000000001	0.013
36.58371868049415	7.834415724345471	0.06896916863841022	0.08885875818421594	0.15988176170361443	0.12000000000000001	0.013
36.39182696226784	6.962705404438432	0.03066869998641811	0.10919980890140632	0.14813126004325347	0.12000000000000001	0.013
36.62513170784096	9.251939117483653	0.029937665110259387	0.125101696741141	0.14799559477404614	0.12000000000000001	0.013
36.42340564577376	7.48431765267728	0.022423084618155283	0.1183509434055227	0.14562878058561246	0.12000000000000001	0.013
36.66693536905447	9.93113564447668	0.019457307811013742	0.13684208778027196	0.14481551188383615	0.12000000000000001	0.013
36.41824480988399	7.037838620660805	0.03766800479060517	0.10491625579313665	0.15027539711796195	0.12000000000000001	0.013
36.46626691651028	7.503146673900122	0.03774431150600767	0.10799458463439705	0.15031662290200315	0.12000000000000001	0.013
36.47758915692092	8.084093492610254	0.019632740935496096	0.12429536596025927	0.14479819911154562	0.12000000000000001	0.013
36.46106385058944	6.727280780193053	0.06564559223875241	0.08368412762987477	0.15882245538599413	0.12000000000000001	0.013
36.782460401152136	9.820778917714103	0.06695109529562933	0.10360358106223787	0.15934072219671722	0.12000000000000001	0.013
36.6800095528268	8.87548340061973	0.0649648294767778	0.09860277745209314	0.1586967496974435	0.12000000000000001	0.013
36.54084776943082	8.125792678616019	0.04171008988417346	0.10947022394825129	0.15155377479105048	0.12000000000000001	0.013
36.44481503089167	6.821780020355093	0.055927082611292325	0.0909694735977825	0.1558529694532009	0.12000000000000001	0.013
36.37694737896807	6.084568395521126	0.05888203739520792	0.08398776920643548	0.15672862762411766	0.12000000000000001	0.013
36.26601385229384	6.1625125994517544	0.01435410798348794	0.11497891876919333	0.14310949648248592	0.12000000000000001	0.013
36.58447736437703	7.939776786848019	0.06519974048017596	0.09214672075757614	0.15873265521512053	0.12000000000000001	0.013
36.320220927422135	6.059828516830169	0.038597620741309915	0.09770025739441127	0.150522203271111	0.12000000000000001	0.013
36.40099722130311	6.62732853319466	0.04700431096267124	0.09576633508354457	0.15311581384996173	0.12000000000000001	0.013
36.566433587295414	8.145255366268705	0.050539670966141974	0.10355982044369448	0.15425569641815925	0.12000000000000001	0.013
36.59182931955758	9.173957892278123	0.020470620750860244	0.13105455721985362	0.14509640947535532	0.12000000000000001	0.013
36.4994931537686	8.088177668439105	0.027675631389397902	0.11881976440581644	0.14725886283013168	0.12000000000000001	0.013
36.35087183409713	6.742764324067068	0.023798242050830712	0.11242095215302172	0.14602097524796484	0.12000000000000001	0.013
36.51961065467589	7.704110759422459	0.04998267303376457	0.1009729574214855	0.15406834464138397	0.12000000000000001	0.013
36.35458269088994	6.99927602851232	0.015318927455702083	0.11994842152986873	0.14343681396103863	0.12000000000000001	0.013
36.618554066102824	8.716748002018784	0.048065118355149115	0.10909788734400908	0.1535206358348257	0.12000000000000001	0.013
36.43837018818657	7.599095984383695	0.02360948424991073	0.11831140448412111	0.14599613868589267	0.12000000000000001	0.013
36.575555154248434	7.9958561094191385	0.059702123546509896	0.09628557694614755	0.15705296179340705	0.12000000000000001	0.013
36.40306265384812	7.547383524825529	0.012381178229822836	0.12564608272459632	0.14255915209730252	0.12000000000000001	0.013
36.362159319032116	7.185065824898224	0.011007622409847116	0.12414826057080845	0.1421250256389571	0.12000000000000001	0.013
36.49005265906958	7.963312633123104	0.02894527910309323	0.11711097269973607	0.14764247895460114	0.12000000000000001	0.013
36.70264851304189	9.94968756052286	0.032113210818045995	0.12830752360712958	0.1486879591474456	0.12000000000000001	0.013
36.428487399522886	7.056677780784009	0.040777657673178064	0.10291532727669518	0.15122743605945996	0.12000000000000001	0.013
36.547157966755854	7.6875349158418365	0.0609330365785854	0.09336901618135882	0.15741767785959182	0.12000000000000001	0.013
36.33912574981687	6.022888916362524	0.04709600177486103	0.0916369983520864	0.15312063558036332	0.12000000000000001	0.013
36.62314611783895	8.80695242664635	0.046313862293997726	0.1109030108819937	0.15298835253746768	0.12000000000000001	0.013
36.391432868434784	6.226118212248628	0.05885914551423364	0.08495576312924843	0.1567270642265179	0.12000000000000001	0.013
36.567847406682475	8.652019033158375	0.031572741234372856	0.11994675700503901	0.14847274755948048	0.12000000000000001	0.013
36.66585605329543	9.050366125746805	0.052938214333847614	0.10800817846172228	0.1550242498830407	0.12000000000000001	0.013
36.348667627293366	6.7759900667485535	0.021694810886508233	0.11408369372307482	0.14537876372611902	0.12000000000000001	0.013
36.463570722703146	6.8217472542834034	0.06294975530327913	0.08616422369215493	0.1580013666779675	0.12000000000000001	0.013
36.38180140378617	6.092685193518243	0.06038692881808416	0.08301270635017545	0.1571893207484561	0.12000000000000001	0.013
36.34922742428353	6.025476934518626	0.05077811527901883	0.08913504693947034	0.15424717897415335	0.12000000000000001	0.013
36.435022739195574	7.010701392118991	0.04499304176805505	0.09972176750245072	0.15251525296714322	0.12000000000000001	0.013
36.34951879429583	6.036804213103955	0.05045141003260983	0.08943479273288948	0.1541476675679218	0.12000000000000001	0.013
36.3311378255787	6.831321816997299	0.013003602187699881	0.12040262893346086	0.14272204777133468	0.12000000000000001	0.013
36.53708783150426	7.488911835573114	0.06480459017780436	0.08938372153358812	0.1585944428299408	0.12000000000000001	0.013
36.529945437225514	7.751107916133076	0.052043545090006894	0.09987906595860527	0.15470061931103923	0.12000000000000001	0.013
36.637823085853185	8.70672752451112	0.05566420854135148	0.10383104682571623	0.15584498871466246	0.12000000000000001	0.013
36.64764959156831	8.82629590508705	0.05474284143383348	0.10526590386329428	0.15556771615635906	0.12000000000000001	0.013
36.61467540111695	9.39603242042656	0.02047966775458484	0.13254245904078707	0.1451077114883503	0.12000000000000001	0.013
36.4833451889333	8.16515121836637	0.01866912623280578	0.12550003424050343	0.14450652206928224	0.12000000000000001	0.013
36.39467657952638	7.283954362854108	0.019376398976312274	0.1190875151828092	0.14468902881095552	0.12000000000000001	0.013
36.324316663314725	6.675791250149064	0.01643359175861413	0.11700938122139165	0.14376538410770592	0.12000000000000001	0.013
36.56764569158395	9.057802152078176	0.015885940502486463	0.13340998921424732	0.14368938556949043	0.12000000000000001	0.013
36.36793818047977	6.608825671112958	0.035340115245626746	0.10362268666391723	0.14954675473649753	0.12000000000000001	0.013
36.6911914053073	9.277828598335596	0.05367186380788442	0.10903654469230334	0.15525743165928943	0.12000000000000001	0.013
36.43727398320592	6.949493358827267	0.04819061641842798	0.09712213312221288	0.15349111300311524	0.12000000000000001	0.013
36.472053882043866	8.279042645178123	0.010060463263457912	0.1321564730711636	0.14187730921650432	0.12000000000000001	0.013
36.75945691595178	9.643265977036167	0.06516874920868695	0.10362880521299236	0.15878863936022464	0.12000000000000001	0.013
36.640807456663985	9.191871167300816	0.03811699853418653	0.11910113049806303	0.1504955341959121	0.12000000000000001	0.013
36.61292690513806	9.656794263238496	0.009793069432431325	0.14160878309895084	0.14184845423899364	0.12000000000000001	0.013
36.37983674071687	7.333753231270951	0.01190507028897209	0.12453456360610987	0.14240528982101575	0.12000000000000001	0.013
36.58226087161822	9.344320087283702	0.010334386995283721	0.13913611423510738	0.1420020474552231	0.12000000000000001	0.013
36.50409815308265	7.25012929381265	0.061640959933717356	0.08994182843626503	0.15761743853670013	0.12000000000000001	0.013
36.723670232768995	9.95118999038684	0.0399251354545212	0.1229725830160008	0.1510778658481788	0.12000000000000001	0.013
36.44693137149033	6.5907422902910495	0.0656078419274593	0.08279134173521656	0.15880565951554318	0.12000000000000001	0.013
36.533332619032926	8.869112589182166	0.010299705363384601	0.13596270249080944	0.14197317531412626	0.12000000000000001	0.013
36.44127336256691	7.24535432028358	0.03830546917466836	0.1058762338634224	0.1504783870894109	0.12000000000000001	0.013
36.55665088504911	7.68086137576833	0.06474356573147412	0.09071688994548252	0.15858315065752643	0.12000000000000001	0.013
36.6345691672535	9.368428763081168	0.02898909905732499	0.12653445037405697	0.14770988311160285	0.12000000000000001	0.013
36.73017069838414	9.73948501769376	0.05050337338020181	0.11431044993384867	0.15430585839422406	0.12000000000000001	0.013
36.3289240417591	6.503167664750496	0.024799591452189566	0.11012383341951631	0.14631810355827118	0.12000000000000001	0.013
36.35070207745865	6.232712790800089	0.04335739197174409	0.09560668830072239	0.15198497164773622	0.12000000000000001	0.013
36.62973913595996	9.250584794070763	0.0317146131213458	0.1238767676247257	0.14853915234449336	0.12000000000000001	0.013
36.666310391922224	9.59521418690177	0.03214690913664098	0.12589961049268217	0.14868464583215427	0.12000000000000001	0.013
36.5135313274451	7.34776249320245	0.06141623483618119	0.09075245404296042	0.15755244196043824	0.12000000000000001	0.013
36.5861611453423	9.104836680984228	0.0210079045143864	0.1302218991580588	0.1452581207138564	0.12000000000000001	0.013
36.41048424324601	7.4693598596851905	0.018161262928999784	0.12116631837515782	0.1443244156398516	0.12000000000000001	0.013
36.53651436434567	7.747766380932287	0.05463125514661478	0.09808603023300504	0.15549213143019885	0.12000000000000001	0.013
36.30737333226821	6.3114338376217	0.024108214786280804	0.1093069216555457	0.1460992270665836	0.12000000000000001	0.013
36.32907115220245	6.226569797630845	0.03549593586644762	0.10094429796945859	0.14957973378483133	0.12000000000000001	0.013
36.691637034037484	9.000427310385263	0.06451087122923546	0.09975399151685795	0.1585626749336603	0.12000000000000001	0.013
36.72542129509032	9.412702821245674	0.0612973420255231	0.1047264839545896	0.15759542555378572	0.12000000000000001	0.013
36.54439455033349	8.873782527916463	0.014261206580742996	0.13328359628060005	0.14318526989865574	0.12000000000000001	0.013
36.5920354953101	8.306179811911408	0.05393295946480878	0.10232075721086686	0.1552999664121074	0.12000000000000001	0.013
36.29260129860011	6.133814401451657	0.025411505738763947	0.10722018513315013	0.14649110808647187	0.12000000000000001	0.013
36.64916938138241	9.38062438524246	0.033985669685566905	0.12319776439145896	0.14923891865183603	0.12000000000000001	0.013
36.5042789745817	8.364209863890927	0.01884774987808071	0.12671706068675032	0.14456881701022983	0.12000000000000001	0.013
36.52271084182753	7.947524996252225	0.041778632847060425	0.10822396121109873	0.151567892845921	0.12000000000000001	0.013
36.57218804566578	8.30772707967397	0.04644330858460317	0.10745571075332079	0.15300876792920598	0.12000000000000001	0.013
36.265376500934345	6.266728023375182	0.010106132742269989	0.11858660349124178	0.14181394731338332	0.12000000000000001	0.013
36.40509680384172	6.987850185333089	0.03466905014602271	0.1066318739863185	0.1493560262686461	0.12000000000000001	0.013
36.28127291888736	6.425871785875822	0.009934564203372123	0.11977469450363194	0.14176757641259977	0.12000000000000001	0.013
36.472776443589034	7.518220508816315	0.03960130842737368	0.10682541148546358	0.15088530062519542	0.12000000000000001	0.013
36.39087150918448	7.206155508616533	0.020945003658380375	0.11749082800974268	0.14516591156052366	0.12000000000000001	0.013
36.55484631150231	8.93705528277436	0.015739716209356176	0.13269766723265264	0.14364001186370534	0.12000000000000001	0.013
36.48753714290899	7.759870789694084	0.035830379959045706	0.11103133881124816	0.14974097275205397	0.12000000000000001	0.013
36.69835768398499	9.547812734767849	0.04596781537850796	0.116124205039842	0.1529109600221935	0.12000000000000001	0.013
36.40004570000459	6.895717926770313	0.03632262231435469	0.10488061714710965	0.14985835171051878	0.12000000000000001	0.013
36.597673481633734	9.43121683691651	0.012761186063692993	0.13806028930501435	0.14274780102790083	0.12000000000000001	0.013
36.34742744939965	6.293536433531232	0.03979148983139337	0.09845575234018321	0.15089641691622327	0.12000000000000001	0.013
36.603400691511055	8.963767499988316	0.03288894271325963	0.12114359795797604	0.14888738461865905	0.12000000000000001	0.013
36.58542512047325	8.421588934203871	0.047018269263910034	0.1078283625796057	0.15318903744994056	0.12000000000000001	0.013
36.78015120818866	9.85448987786194	0.06478969405300132	0.10530925121145593	0.15868079493007334	0.12000000000000001	0.013
36.557191159571346	8.8029297992309	0.021777612450458884	0.1276640573444625	0.1454819899444517	0.12000000000000001	0.013
36.664209208238226	9.666423470652234	0.028620743257920248	0.12879135972154154	0.14760864646506153	0.12000000000000001	0.013
36.63402177580413	8.986572693929412	0.04347494165930661	0.11405391213608791	0.15212676366717756	0.12000000000000001	0.013
36.474249411472805	6.8850433353433935	0.0645123205220601	0.08552093934738439	0.15848182409434347	0.12000000000000001	0.013
36.31056261080493	6.524004467420144	0.017124142110647594	0.11551569113590504	0.1439708063128888	0.12000000000000001	0.013
36.60876358799289	8.490839938835279	0.05309107260934694	0.1041391623349803	0.1550495101826201	0.12000000000000001	0.013
36.578654116445556	8.899613933024717	0.02609288927578015	0.12536195292035646	0.14680584879987146	0.12000000000000001	0.013
36.42652360300952	6.456680059505215	0.06312559717145956	0.08358777958432245	0.15804113125127553	0.12000000000000001	0.013
36.24896806489898	6.092095983476531	0.010681886275167498	0.11701775903113085	0.1419833725653171	0.12000000000000001	0.013
36.31769534284153	6.506334251716264	0.020474172049586778	0.11310466175015824	0.144994979116636	0.12000000000000001	0.013
36.5742561821222	8.910891532597956	0.024012599476042836	0.1268611961966675	0.14616987329107473	0.12000000000000001	0.013
36.51306715185617	7.29243900380104	0.06337087032341367	0.0890428498468679	0.15814828421653143	0.12000000000000001	0.013
36.52627796743868	8.80278615348096	0.010210424545301468	0.1355775532663288	0.14194331331570012	0.12000000000000001	0.013
36.753312542493575	9.718691948623249	0.05996674365686288	0.10769556121099698	0.1572001238093927	0.12000000000000001	0.013
36.43009324394765	6.55797061397411	0.06056508415862315	0.08602119639736885	0.15726170351976812	0.12000000000000001	0.013
36.25360868592689	6.054503726451184	0.013865406058446614	0.1145866254563664	0.14295584044575207	0.12000000000000001	0.013
36.651997228526824	8.713429744713693	0.060712616483404154	0.10042193391309479	0.1573896713802279	0.12000000000000001	0.013
36.64763661078944	9.055052612174494	0.045937254918951294	0.11282988147833294	0.15288267409591214	0.12000000000000001	0.013
36.37919653882419	7.107653121873317	0.02036392563345586	0.11722569850908579	0.14498436086624497	0.12000000000000001	0.013
36.539619616038884	8.62209200905817	0.022156690714605857	0.12618802979897098	0.14559100918232804	0.12000000000000001	0.013
36.50959394308803	7.689989994122522	0.04677605417121099	0.10307197649290173	0.15308682288518002	0.12000000000000001	0.013
36.576358211381645	8.352003109836712	0.046301071553998985	0.10785091574346534	0.15296695584997339	0.12000000000000001	0.013
36.53999517434155	8.938501315256595	0.010124387939528844	0.13654949697139152	0.14192220825618868	0.12000000000000001	0.013
36.445129863741634	7.657751932256538	0.023883436318565328	0.11851859240590612	0.14608220112688758	0.12000000000000001	0.013
36.353327384758025	6.985520814955628	0.015378179469556311	0.11981533681877188	0.14345441191367478	0.12000000000000001	0.013
36.525628893079706	8.508943157815052	0.021272162395089722	0.12603198630520915	0.1453160631400187	0.12000000000000001	0.013
36.476786434133096	7.107628385155551	0.05689879352516664	0.09222776781184384	0.15616122351628176	0.12000000000000001	0.013
36.53581804580827	7.704352633437516	0.056040793674690594	0.0968295178189157	0.15592167357308614	0.12000000000000001	0.013
36.5739749714238	8.169666739988362	0.05242372186525505	0.10243495840234143	0.15483300942236564	0.12000000000000001	0.013
36.537382045921355	8.278530530835834	0.034536525876680664	0.11540609849077052	0.14936508486944414	0.12000000000000001	0.013
36.478372289470386	8.325789597073067	0.010627384298252971	0.13208308439576574	0.14205253999760295	0.12000000000000001	0.013
36.68192355032693	9.82267872519442	0.02924086250031356	0.12941833123641533	0.14780436021627555	0.12000000000000001	0.013
36.51841243874673	8.640125687912246	0.01352374478733171	0.1322161635094816	0.1429506837959188	0.12000000000000001	0.013
36.65979745543273	9.851800742539552	0.019837318535907863	0.1360483220092042	0.1449287171393422	0.12000000000000001	0.013
36.683750865603606	9.022853659968115	0.060695805620827256	0.10251520476501794	0.15739641970925847	0.12000000000000001	0.013
36.628150473476715	9.051283550975416	0.038787395310694736	0.1176965765300567	0.15069522133882576	0.12000000000000001	0.013
36.66380182330098	9.732134912551192	0.02594018365437862	0.1310675422236939	0.14679112639130534	0.12000000000000001	0.013
36.62385397536922	8.223493861741511	0.06902567231293281	0.09143777047277397	0.15991399976220982	0.12000000000000001	0.013
36.797164763109436	9.91768138348452	0.06872781357155583	0.1030398695322424	0.15988798549451125	0.12000000000000001	0.013
36.53511037084323	8.342382365779347	0.031229590292359322	0.11809834663494923	0.14835587038819628	0.12000000000000001	0.013
36.7287030660166	9.27046991167982	0.0679978951300475	0.09918492738736867	0.15963981417254167	0.12000000000000001	0.013
36.533893174312766	8.417727589298597	0.027875237464805375	0.12090036464451004	0.1473325915632412	0.12000000000000001	0.013
36.552786783027166	7.7243846576889155	0.06162256653719689	0.0931451491480058	0.157630037204882	0.12000000000000001	0.013
36.49797701044182	8.165095607094734	0.02414885885014698	0.12175033589675242	0.14618289725513256	0.12000000000000001	0.013
36.39852833066476	7.011020261696938	0.03131866648167448	0.10908014782801281	0.1483319566117501	0.12000000000000001	0.013
36.408049261232435	7.1078555489700435	0.031157491215086687	0.1098419233222704	0.14828637073919912	0.12000000000000001	0.013
36.72150065917412	9.688943303475163	0.04920208362188796	0.11486077517886317	0.1539058213524572	0.12000000000000001	0.013
36.67234725515858	8.702617420644675	0.06874685812878019	0.0948520280760919	0.15984711675512692	0.12000000000000001	0.013
36.40290098107714	6.341175557644505	0.05872588164331948	0.08582103709752283	0.1566907173711149	0.12000000000000001	0.013
36.46011999771126	6.618365599533316	0.06948243424040176	0.0803261276846499	0.1599920487482422	0.12000000000000001	0.013
36.41002458943279	6.181698340975395	0.06752809433077799	0.07872547236961096	0.15937738971048432	0.12000000000000001	0.013
36.49039107746191	7.035526215927804	0.06476576485783563	0.08635996006270101	0.1585651416533861	0.12000000000000001	0.013
36.556468942266704	7.939039424082066	0.054742828611051786	0.09929655288918701	0.15553361496472143	0.12000000000000001	0.013
36.49682660565994	8.00833465230966	0.029749098143609258	0.11686388931941766	0.14789011604189042	0.12000000000000001	0.013
36.30794385486181	6.50411391142896	0.016909009642304497	0.11552906697161502	0.1439042279061987	0.12000000000000001	0.013
36.31574263469721	6.71108065347963	0.011866150316790768	0.12037192367747995	0.14236945398991574	0.12000000000000001	0.013
36.40462674384835	6.229930499785861	0.06365176044391264	0.08170222491491676	0.15819338281575504	0.12000000000000001	0.013
36.397718760845876	6.418200503406232	0.053822553653433566	0.0896941906546316	0.15519363566359337	0.12000000000000001	0.013
36.69943225370513	9.266231436297735	0.057203087545400315	0.10654239830377744	0.15633726923670757	0.12000000000000001	0.013
36.51803071289445	7.651746187153151	0.05140577297877555	0.09964694593883763	0.15450169155608165	0.12000000000000001	0.013
36.76507543263207	9.95524825049737	0.05526952587323725	0.11250099938670603	0.15577222678560596	0.12000000000000001	0.013
36.65135932752102	9.169641044793746	0.0429224517073067	0.11566359779891464	0.15196477949174622	0.12000000000000001	0.013
36.28431175414589	6.045648689380776	0.02570012890938868	0.10642953556989337	0.14657601640112036	0.12000000000000001	0.013
36.41331434892811	6.603397287581206	0.05253605420862866	0.09182041767569381	0.1548071827529259	0.12000000000000001	0.013
36.639614232379856	9.667572325760563	0.019369128263860575	0.13512919794166078	0.14477840697581165	0.12000000000000001	0.013
36.4465016296269	7.471439144555803	0.03156479761933992	0.1120093861979396	0.14842494773520995	0.12000000000000001	0.013
36.417833896122936	6.558939262498358	0.05593838838741899	0.08919337555282297	0.15584632718138053	0.12000000000000001	0.013
36.34549223752944	6.621245091416837	0.02645941466709865	0.10978256614054048	0.14683041969904462	0.12000000000000001	0.013
36.668942794276234	9.844547586478248	0.02354002624907677	0.1334660694058795	0.14606118258304948	0.12000000000000001	0.013
36.52669088768242	7.344071935536109	0.06648465290617434	0.08725972845156993	0.1591028467938426	0.12000000000000001	0.013
36.66607443757915	9.114493342483295	0.050552867044490614	0.11007171330341628	0.15429698122256372	0.12000000000000001	0.013
36.339519231640345	6.844394402044001	0.015638350927865072	0.11868784087490139	0.14352858090965132	0.12000000000000001	0.013
36.41255599287717	7.697087734407534	0.010175700806860111	0.12816229979572366	0.1418901985255177	0.12000000000000001	0.013
36.53203440157178	8.116942118756128	0.03875120146994561	0.11143519906377287	0.1506482420596912	0.12000000000000001	0.013
36.47177714453472	7.397124594150894	0.043886010649928406	0.1030790275480878	0.15219143671255533	0.12000000000000001	0.013
36.4131885174431	7.288581447132402	0.026128545811333635	0.11449871450619899	0.14675484497865085	0.12000000000000001	0.013
36.6602127411444	8.92712662935323	0.05556684392284828	0.10538048519278369	0.15582367255742693	0.12000000000000001	0.013
36.494438584328314	8.38731210892177	0.014275095478369587	0.13000117613336726	0.14317082377517001	0.12000000000000001	0.013
36.53739191099278	7.734976111815952	0.05545184215133711	0.09743851949380196	0.155742676500323	0.12000000000000001	0.013
36.39780087851259	6.647131023359146	0.045045881423711194	0.09723955402785728	0.15251744583334087	0.12000000000000001	0.013
36.56826217914933	8.72664815142971	0.028856885044558734	0.1223070871214727	0.14764477214752175	0.12000000000000001	0.013
36.531055970698425	8.498346053140915	0.02371154400124049	0.12429162473397777	0.14606191931380103	0.12000000000000001	0.013
36.484375213122924	6.853072472535153	0.06953301543234582	0.08187060008918105	0.16001654249394237	0.12000000000000001	0.013
36.66903309845686	9.268615086942603	0.04573110521136392	0.11440775635040445	0.1528278153246872	0.12000000000000001	0.013
36.5985963644121	8.706595584919926	0.040984303558190986	0.11387439430177837	0.1513540601747894	0.12000000000000001	0.013
36.69510834461992	9.312611400883718	0.053800051928173415	0.10918285095083267	0.15529798408210377	0.12000000000000001	0.013
36.31896291891897	6.708619041330553	0.013166404428728854	0.11946570674389065	0.1427671372854631	0.12000000000000001	0.013
36.46729934779184	7.079979168749757	0.05441091256486339	0.09374399659027347	0.1553990604587894	0.12000000000000001	0.013
36.35754248778293	6.885692015130873	0.020796765617821827	0.11543621334748995	0.14510824669230474	0.12000000000000001	0.013
36.677715287693616	9.133737805450899	0.054170382245122446	0.1077260237730344	0.1554044026040119	0.12000000000000001	0.013
36.65468376517197	9.502712392540317	0.03135307434313462	0.12582042400840945	0.1484382385097511	0.12000000000000001	0.013
36.411056012400586	6.20258471327258	0.06711067913455943	0.07915159590452243	0.15925049538237038	0.12000000000000001	0.013
36.61528553038569	8.194890247129607	0.06691841306929887	0.0926871504604666	0.15926824103974122	0.12000000000000001	0.013
36.69111010097515	9.051316059628519	0.062355815955248195	0.10157088984181746	0.1579053491885125	0.12000000000000001	0.013
36.513428413906446	7.934567260126566	0.03880215759136412	0.11017333692564854	0.15065682205299374	0.12000000000000001	0.013
36.532012380702156	8.071314405874427	0.0404983468656995	0.10993279511066846	0.15118098089229473	0.12000000000000001	0.013
36.71609980983605	9.642787701297204	0.04895591076210287	0.11471868115113935	0.15382873760417712	0.12000000000000001	0.013
36.54397745471798	8.18908148121982	0.040446877566219896	0.11076033462475798	0.15116976102864085	0.12000000000000001	0.013
36.60582885579203	8.332995691294265	0.05806500454376872	0.09967395740035036	0.15656508538862482	0.12000000000000001	0.013
36.56431658795177	7.974517807612643	0.05631576214630026	0.09845902009431795	0.1560161752554347	0.12000000000000001	0.013
36.37442349843317	6.215611758626602	0.05289569358479616	0.08896536991162882	0.1549023021819038	0.12000000000000001	0.013
36.66172482165643	9.344183534059859	0.04008789754221655	0.11877734873431127	0.15110433128677533	0.12000000000000001	0.013
36.368473816038424	7.22699799521768	0.011758313788374665	0.12391673987199432	0.14235629099912256	0.12000000000000001	0.013
36.33424070082004	6.852489272007865	0.013350845511847367	0.12030745148291343	0.1428290910246714	0.12000000000000001	0.013
36.453613730557706	6.7907914833182605	0.0604131693733693	0.08769153110138173	0.15722417656954535	0.12000000000000001	0.013
36.501276893409035	8.019182458130798	0.03099777856218396	0.11608250420080823	0.14827253322923106	0.12000000000000001	0.013
36.6338420778201	9.823497748043835	0.011209492694565212	0.14176120465288752	0.14228817738751567	0.12000000000000001	0.013
36.392047115659324	7.049784967321169	0.027400992425227415	0.11202149006675094	0.14713493896591254	0.12000000000000001	0.013
36.73006439482723	9.792791578070425	0.04841276765140034	0.11609951756378828	0.1536683421764962	0.12000000000000001	0.013
36.31971516814752	6.439212919133476	0.02381260883103059	0.1103688631581895	0.14601370489802565	0.12000000000000001	0.013
36.613828086355525	9.622152536757381	0.011463173484096874	0.14023300457016685	0.1423580465287702	0.12000000000000001	0.013
36.64880804027295	9.492316155485227	0.029553392140542003	0.1269818518149049	0.14788727444867977	0.12000000000000001	0.013
36.665227937407266	9.780321926736715	0.0246202155198043	0.13229488307511236	0.14638916934623836	0.12000000000000001	0.013
36.443378393460264	7.990035973437257	0.010444122836785214	0.12994956310026806	0.14198357305273582	0.12000000000000001	0.013
36.49428754077027	7.43179688052537	0.050979128139913704	0.09845906974874638	0.15436271835041815	0.12000000000000001	0.013
36.50435856757005	7.830631974654913	0.03940535260309982	0.10906135619713896	0.15083735916632884	0.12000000000000001	0.013
36.67168081342077	9.528463682037108	0.03672541422322423	0.12231783142742993	0.15008275152531084	0.12000000000000001	0.013
36.4809393952757	8.066532817214421	0.02156253598723531	0.12285682188076573	0.14538789332722837	0.12000000000000001	0.013
36.54260956302485	8.61641846966103	0.02349428464487614	0.1252346548628331	0.14599999216011608	0.12000000000000001	0.013
36.6524960551425	8.64979209416194	0.06334762545501885	0.09819087014103385	0.15819333615482992	0.12000000000000001	0.013
36.406185285510595	6.251609147910992	0.0634011978505481	0.08201951546462578	0.15811756301655674	0.12000000000000001	0.013
36.62218186117531	8.401757796098531	0.061541527567361885	0.09775788607220685	0.15763127695557352	0.12000000000000001	0.013
36.51859326814278	8.201553747363864	0.03046417811134773	0.11767457560212952	0.14811630100231205	0.12000000000000001	0.013
36.372878994653945	6.961457815866885	0.023623304401955248	0.1140119921089449	0.14597586215453506	0.12000000000000001	0.013
36.505029996964915	7.504959287250312	0.05218598820170438	0.098125544295019	0.15473473647076982	0.12000000000000001	0.013
36.58258714447306	8.878677332996837	0.028370737000180914	0.12366255257993117	0.14750189066523328	0.12000000000000001	0.013
36.433500921506564	6.366945777796819	0.06918989466216023	0.07883476443190501	0.1598928920407141	0.12000000000000001	0.013
36.42108400338374	7.374359086887996	0.025784276144732606	0.11531137165114559	0.14665282133640598	0.12000000000000001	0.013
36.3825056205398	6.518483015230831	0.04426926869157576	0.09690539634609273	0.15227491803992924	0.12000000000000001	0.013
36.36165100058685	6.334693089066815	0.04353286354555114	0.09617273947088165	0.15204257157576676	0.12000000000000001	0.013
36.473506293108244	7.82338693331727	0.02813417479815417	0.11672453971082507	0.14738896598723514	0.12000000000000001	0.013
36.50695682368152	8.518694192513475	0.013906913542415307	0.13113701591348756	0.14306323739392254	0.12000000000000001	0.013
36.40386412785358	6.693506894973446	0.045531557250289074	0.09721925808969026	0.15266780755995513	0.12000000000000001	0.013
