29.52844840955521	5.469795023174653	0.026347390658944286	0.08642893112721843	0.12069143344612827	0.09741750544718013	0.01055356309011118
31.71207531072257	8.423791547073968	0.04999020043219193	0.09438030793009203	0.1351065620974696	0.10354285232095352	0.011217142334769965
40.28772252414056	7.124552880281399	0.05735858574024509	0.100942897095683	0.17111760012748017	0.13283788003293484	0.014390770336901275
29.461993535582366	6.464190996909199	0.043804548029338836	0.08067059110715488	0.12523265043800624	0.09669173553341906	0.010474938016120398
29.072388876322126	5.653875615730383	0.011967262214431973	0.09648436849287004	0.1146008197613455	0.09594570678438759	0.010394118234975321
48.15615355997136	9.333915637912638	0.04771004072024871	0.1403605721275613	0.19808018721054008	0.158686311480326	0.01719101707703532
41.99680854740902	6.954280122222027	0.057095228844629045	0.10402173354439563	0.17775057722455423	0.1386611200024069	0.015021621333594082
42.10982503779296	8.325772649551773	0.04917064025378538	0.11865528711753576	0.17535267085163836	0.13863833223309388	0.01501915265858517
37.29711597088129	9.339541402483473	0.068463288885822	0.10064253644245573	0.16196382541427165	0.12188818006066159	0.013204552839905005
37.50064479128568	9.668180507682374	0.04106075763661204	0.12217169437487689	0.15453860646352943	0.12270725437151317	0.01329328589024726
42.05096821002796	7.474722813358648	0.029608243410745517	0.1265037579079138	0.1696499566307123	0.13891093136565785	0.0150486842312796
37.36428515823391	9.505885424136476	0.05577838480204868	0.11063748039574058	0.15841625618468752	0.12217123139827574	0.013235216734813204
24.65748472394831	4.9861590623824394	0.028492760671078327	0.07040541377353966	0.10254954395877126	0.08114416947066039	0.008790618359321541
41.221851515971935	7.9468069032164035	0.013220280105104511	0.1389404387198335	0.16141048985114176	0.13609973755640195	0.014744138235276878
48.05414764394706	10.3177171147224	0.06355087317149527	0.13556628999887013	0.20200924640803378	0.15785891404406024	0.017101382354773192
33.777996954724266	7.848865178984085	0.05961717667600982	0.0888405436366333	0.1461969582121534	0.11062022809274741	0.011983858043380969
35.18377989000412	7.811498525412482	0.061917697037218174	0.09030115061047374	0.15235959533438945	0.11535180064573261	0.012496445069954365
46.067031381088064	12.173177632041623	0.02169624912861272	0.1718499913678634	0.1812384147633601	0.15089378894168773	0.016346827135349504
33.81927979644132	6.334397444154563	0.014851174428040204	0.11002206427196333	0.13367515385789927	0.11168724940148254	0.012099452018493943
44.477622894631565	9.927704731937	0.049138284993135994	0.13461368240797955	0.1839762071386674	0.1460662218152896	0.015823840696656374
26.989682545074846	4.59762166882418	0.048423333787261894	0.05958392180961138	0.11765356947648281	0.08896188184182963	0.009637537199531544
39.25827713533502	8.278860430244753	0.019186862042842787	0.13237735546380583	0.1554144273228554	0.1293111248734594	0.014008705194624767
38.76762844553368	9.639224946290783	0.016618780552088534	0.14182680308013956	0.15225496966579694	0.1272088060241601	0.013780953985950677
37.97815822341581	8.776129806645226	0.02423329986062552	0.12912162641551744	0.15174573952427045	0.124777704820298	0.013517584688865616
25.51501609444968	5.74922413672069	0.020227807051149748	0.08307013067258327	0.10316749536651841	0.08384524050064025	0.009083234387569361
29.654023412794604	6.3402843114673795	0.019015478685562075	0.09743251961220147	0.11869859776732025	0.09760529674056412	0.010573907146894447
40.89602511160635	8.93580722420506	0.050559183107913956	0.1188120437174588	0.17082022744113956	0.13432236727287344	0.014551589787894621
26.310730411277063	5.110814530149244	0.00828593265340887	0.08903717342601218	0.10296477948516007	0.0868565741691867	0.009409462201661892
40.254855230020766	7.757063659734899	0.06381697757951998	0.10050987894113242	0.17266979923897177	0.13244977294505497	0.014348725402380955
29.37723165240933	6.293113023602391	0.04119089049826012	0.08116695779829304	0.12419229030509879	0.09648878515077056	0.01045295172466681
33.07018414154346	5.93707092328156	0.023292622254728255	0.09986201601358803	0.13339906178364863	0.10922344659260082	0.011832540047531755
34.5425293241453	5.76567966487254	0.049757524484745526	0.08392421278552416	0.147010414535595	0.11400824323895396	0.012350893017553346
43.60043032553497	10.63514163453438	0.07760777601791347	0.11749182885628003	0.18872140121868605	0.142607443985443	0.015449139765089657
43.48643038942489	10.064016823672304	0.07685847675217496	0.11403724147823818	0.1882628369067577	0.14242773355607538	0.015429671135241501
32.02290573987372	8.439297874673478	0.024049025536343863	0.11312029763154893	0.12864384313245666	0.10481900243395534	0.011355391930345161
43.48156458366363	8.375569610909626	0.06646607940765185	0.11024808431814405	0.18578281996773452	0.14308989794024443	0.015501405610193147
45.42969952400117	11.56533985852923	0.026822650542550775	0.16287492329956857	0.18049352293388266	0.14890956510137499	0.016131869552648958
37.818706265594905	7.919028306031051	0.019315891739393437	0.12658336909790877	0.14998188679559793	0.12458137658535744	0.013496315796747056
37.612935032758635	9.736173242853486	0.07127562470621299	0.10201320715855365	0.16388032623485768	0.12279016346149352	0.013302267708328465
40.785757944339494	9.221172556856734	0.03612493314306409	0.1303715394862706	0.1660223360049465	0.13398174153190207	0.014514688665956055
37.9290646542726	8.423745866987543	0.05364235929819588	0.10641456990180509	0.16037336729686802	0.12446943795075983	0.013484189111332315
34.14961778649876	5.908340895018195	0.016205102815310558	0.10709671547595163	0.1355144476009546	0.11293634320704014	0.012234770514096016
37.374911020197146	9.445741123338275	0.03635107288461827	0.12368618127522266	0.1527379644519006	0.12240284513899875	0.013260308223391533
45.06305708054866	10.19527307029766	0.07775335939214335	0.11796231102127885	0.19461380136932416	0.14768951242554507	0.015999697179434048
36.17860847934381	7.542199448727511	0.05951262932697596	0.09254402525035246	0.15561656894842443	0.11882064625688472	0.012872236677829177
45.630608915224805	8.109673333081519	0.04311397176473935	0.12967880124988368	0.1873385957443295	0.15063743391449783	0.016319055340737264
26.77457096111634	7.005350082500258	0.027453102804624187	0.08917918509194768	0.10974919423967582	0.08759133768568424	0.009489061582615792
34.631295414282704	6.916864326252294	0.06325433672977031	0.08228093607617386	0.1509284599479724	0.11378711675444562	0.012326937648398276
43.24918677975657	11.221740210421215	0.03913064434712525	0.14704220217427524	0.1757717081509988	0.14156656303252255	0.015336377661856611
31.704506901442425	6.127332579208225	0.00942009981058271	0.10747731346658759	0.12391732082095754	0.10467832298280758	0.011340151656470822
46.5739594490871	9.265271701141195	0.026828499698463553	0.15062885674958998	0.18577826339048845	0.15356406054937077	0.016636106559515168
27.31885377190355	4.907442514384438	0.03293396839507998	0.07305948117596649	0.11424467496452954	0.09010377246488688	0.009761242017029412
34.55012122299965	8.283940231455404	0.022161560997193155	0.1193328347517838	0.13797442409055105	0.11340987689798739	0.012286069997281967
41.26047007695128	7.3888720135957815	0.06633085465734669	0.09874007702281364	0.1774581752726746	0.13594494718130357	0.014727369277974554
43.63419805337739	11.159704297230006	0.04450094264411796	0.14383317717051	0.17887911827287722	0.14283768983651166	0.015474083065622094
27.89304257084267	7.122732971286518	0.030094743896533688	0.09073545825449318	0.11483892119359422	0.09129760535530623	0.009890573913491508
26.426180964206406	4.522724010050485	0.018502209632372767	0.07843834161236352	0.10664569806932263	0.08735754199614992	0.009463733716249574
41.1721078888966	9.969879669421513	0.05429183410221596	0.12358947548846715	0.17262374986753973	0.13486125126921836	0.014609968887498655
38.64547398214574	8.989591026350379	0.02847190625702466	0.1291422050746112	0.15551745595578761	0.1269153130200377	0.013749158910504083
39.95529950397603	8.622497869325807	0.06597729564274564	0.10393117683840425	0.1718300467211803	0.1311205815447546	0.014204729667348412
33.92951553718564	5.852706995703472	0.06460940962692636	0.07279869597759714	0.1489831957934971	0.11177767732709981	0.012109248377102479
36.412946399918894	7.8550648150408	0.01878031696883468	0.12324681651925964	0.14437755468864166	0.11986909441974349	0.012985818562138879
33.025021015276685	8.343675962826264	0.05570545710139235	0.09298844865942302	0.14193262049266783	0.1079455002185323	0.011694095857007666
47.22449510401041	9.375065873467882	0.03226708589902222	0.1491090797025689	0.18987679115292247	0.15567020771681053	0.016864272502654473
44.293493715176304	9.181763410958911	0.05109208911549648	0.1279944003813269	0.18410682888823104	0.14568630739317817	0.015782683300927636
28.60926282108418	6.35603996945906	0.019215171904862504	0.09495067810477995	0.11468723346115846	0.09407581760556957	0.010191546907270038
29.698146802428575	5.668240258434838	0.01815411402712001	0.09377084486539845	0.11885857137943487	0.0979946443153422	0.010616086467495406
35.832208853782575	6.137633260972687	0.0393438735419403	0.09654711542788356	0.1488159942257459	0.11832107859059318	0.012818116847314261
45.3542760303539	10.31115009214518	0.06305138335098187	0.1295471747062832	0.19136003882769348	0.14876355674444436	0.01611605198064814
44.624514966736456	8.72732581429915	0.019995491841740227	0.14729268046573182	0.17636891007657635	0.14723977130490784	0.01595097522469835
26.332097659671177	5.5966579164490895	0.04586359100469147	0.06629271851350481	0.11397768383752774	0.08642187844020263	0.009362370164355285
44.953973073109594	7.948412761896687	0.07208118147623192	0.1070473898042241	0.19332509333182746	0.1481512837974468	0.01604972241139007
33.957155429185825	8.6927121033681	0.06038470212117423	0.09420432852372791	0.1468158522070219	0.11092495731291983	0.012016870375566317
43.26783778187419	9.904558423571599	0.0648472445414495	0.12078439245816751	0.18392033134736782	0.14185420128534063	0.015367538472578567
43.50292897834752	9.743946287534358	0.03869993553872038	0.13834685024885632	0.17716567398211533	0.14293788459569184	0.015484937497866618
43.2441922372688	8.312149172930724	0.01251274023572884	0.1465340947692077	0.16893736262800213	0.14279749013034462	0.015469728097454002
41.308490252510666	9.90570097967551	0.05938433306024325	0.11997622999171575	0.1746825346933935	0.13529741461473097	0.014657219916595854
33.74189746439035	5.728575216828202	0.020273628353500713	0.10216670455694069	0.1351955338748312	0.1115874300795939	0.012088638258622672
47.86840768160154	9.627531932911928	0.02458936243354307	0.1575557771553352	0.19002171896336328	0.157822715378539	0.01709746083267506
30.916041875795063	7.317065717811896	0.036203790308088145	0.09485598596829352	0.12833521075462243	0.10136675915446641	0.010981398908400528
28.345084434294247	6.787467951323151	0.04528318579403239	0.07913172291445669	0.12120742182800524	0.09280095926859364	0.010053437254097644
42.30136120978071	11.135525384180019	0.02693535605383605	0.15268418570690648	0.1685112268360001	0.13851083476450954	0.015005340432821868
24.69713026465302	5.430436129030506	0.03971810325596909	0.06562961113056381	0.10586066339030996	0.08102281297167196	0.008777471405264463
37.978128541988895	7.213982283930891	0.02314702050245845	0.11973752864560422	0.15198913820936996	0.1253286091270107	0.013577265988759489
44.08206444706386	9.000824821220517	0.07218000690371008	0.1117649747187811	0.18958177115016006	0.14484629215276565	0.015691681649882945
25.997747418983337	6.647564168311834	0.03979642942513259	0.07651659231859763	0.11050406116075237	0.08498521762664284	0.009206731909552974
26.251874158447446	6.63402522851518	0.008103636951717	0.09890671799151393	0.10213145098400515	0.08613206077574885	0.009330973250706125
44.319384027311195	9.78871627139208	0.07099423836291385	0.11825063068359853	0.18986990672853035	0.14538407782273188	0.015749941764129288
30.872458941165945	7.429723431362219	0.04931840578565891	0.08642952247383315	0.1320007080453222	0.1010626918621335	0.010948458285064463
45.30713178185504	8.899105060427623	0.06519832597693308	0.11879407391748499	0.19232140730664157	0.14907450141518294	0.016149737653311486
30.46722734242557	7.794649682395147	0.049832103181681686	0.08749340762178341	0.1304440701349146	0.09956546802886554	0.010786259036460435
28.780347712002243	6.350923358244259	0.01889248436035134	0.09554086454301267	0.11525933156590887	0.09465727815830097	0.010254538467149271
48.30127052643803	8.74782467626749	0.08609049832715697	0.11039762403114121	0.21019918238334367	0.15903296854325144	0.017228571592185573
42.48285980367438	10.675146801376057	0.052562158162873324	0.13242797893656105	0.17695723813518544	0.13905144484118226	0.01506390652446141
34.27331691848424	8.522822862672516	0.062369899382915796	0.09247174096537936	0.14869397494169126	0.11203182093452836	0.012136780601240573
37.92584597560417	7.561379379449041	0.04921171431824682	0.1038718611939593	0.15936310301112416	0.12479726262108028	0.01351970345061703
31.290136683066677	5.710710169573247	0.02019924704297331	0.09636168994056983	0.12564132773223902	0.10332861973971799	0.011193933805136115
25.79475476225084	6.426068616530372	0.03445705092090605	0.0782910957649966	0.10821640520017992	0.0844256876983691	0.009146116167323318
44.671581096471925	9.226620990866705	0.06168111660778989	0.12185923012814952	0.18869096599573124	0.14685005985944707	0.015908756484773433
46.631228183305915	12.389865868819102	0.04670088989627301	0.15731172193897117	0.19074477748363217	0.15249562328304556	0.0165203591889966
40.930124949972466	10.090046834383145	0.02290129021680941	0.14547671892717048	0.16236200753717991	0.13428650428652208	0.014547704631039892
29.682422642473885	7.149397023957771	0.039224886800525105	0.08879393642286144	0.12448918272784582	0.0972387181761821	0.010534194469086393
36.75282650762104	6.7876697623278375	0.05139187826413951	0.09460078651888082	0.15572333614749986	0.12109106489348939	0.013118198696794684
28.618400176214745	6.07285510243969	0.033948623896850084	0.08296195506808358	0.11917931042420056	0.09407205249384636	0.01019113902016669
47.62717651789726	10.075527337001915	0.07518723423577543	0.12496087342462553	0.20387452392201583	0.15639857550277877	0.016943179012801034
42.28020341973269	9.010097615887437	0.02212746051292799	0.1421661360402084	0.16777613711754827	0.13921917869104827	0.015082077691530228
28.781218245957945	7.0803851481046065	0.030470716378569594	0.09228068566435417	0.11842082219125463	0.09430321561710858	0.01021618169185343
39.927291725002625	8.904071817528344	0.03503027653936548	0.1270602635393245	0.16247352847110705	0.13120729807137374	0.014214123957732156
37.85005549832189	10.020909669985159	0.0581810531727636	0.11345697676567468	0.16083010469409442	0.12360884592715309	0.013390958308774917
35.53149855395823	7.93078495891699	0.05974012611203456	0.09339268111734493	0.15302576176740515	0.11650235362119854	0.012621088308963174
31.813034500999883	7.498311321013344	0.05344303948276327	0.08622876567886895	0.13685422665416072	0.10417276546327965	0.011285382925188629
37.222637798054286	8.186354495763386	0.042868002072342905	0.11065992232183888	0.15452662037116613	0.12226712238215522	0.013245604924733482
28.377122319439486	7.107792127152786	0.0281843721213364	0.09309099859274855	0.11616308010555111	0.09295197329451878	0.010069797106906201
36.845829353449204	8.333525515356246	0.05294772229774868	0.1037726589343444	0.1559863120012903	0.12085501863541608	0.013092627018836742
44.82087313776162	8.369505031306803	0.08035291845619516	0.10375609898243532	0.19509963660784552	0.1474821784010711	0.01597723599344937
28.395083022583634	7.679480419940798	0.037309232728275556	0.09054129649327862	0.11872303175421207	0.0927322832832385	0.01004599735568417
39.78297896632163	7.228990727779578	0.07070267237552774	0.09122491863351165	0.17305971859412517	0.1309798741427429	0.014189486365463813
31.05997293969354	7.7794321744127535	0.023514036822732107	0.10695438362175105	0.12497787446715908	0.10180608302150543	0.011028992327329755
45.206314968242594	10.543563792240835	0.06767413970648985	0.12751659474148475	0.19206656473781733	0.14814258029402935	0.01604877953185318
47.73854590533624	11.140687949868838	0.0384178958210332	0.15751977394832214	0.19305640457731815	0.15673612846503357	0.016979747250378634
37.942942825617585	9.265904520957712	0.04733770050915151	0.11626355792383991	0.1582597935677837	0.12428122799266568	0.013463799699205447
36.158435197183564	8.410915372585691	0.06361518025032904	0.09529969465522671	0.1564365693159861	0.11841471463489989	0.012828260752114155
29.074846820406567	6.760344424670747	0.027898177143083708	0.09266825159540767	0.11891859158741554	0.09542717984831162	0.010337944483567093
25.784359611710553	5.965846157795149	0.04169584621818037	0.07028299185797068	0.11048156823324884	0.08448490198083965	0.009152531047924295
25.423338053696842	5.328443737927247	0.04121440963410744	0.06563512351146061	0.10916506937124282	0.08349295297119698	0.009045069905213006
28.99978477738993	5.207277892376684	0.03700035946621159	0.07613254958403935	0.12187779536207898	0.09563022751678976	0.010359941314318891
46.84574334965631	12.37328658332915	0.034743653453895906	0.16596255102420562	0.1880516187373438	0.15333224765404688	0.016610993495855077
27.778009103023205	5.063426881010197	0.031511652056321594	0.07612851413168299	0.11555432923114642	0.09161049825639933	0.00992447064444326
30.360757597230315	5.546569334325103	0.01597671273585992	0.09603638159377689	0.12083696864019654	0.10029027996666763	0.010864780329722327
44.63769702353661	9.657169671500352	0.0757070139528683	0.11488850611220386	0.19254862658471664	0.14646034741630182	0.015866537636766032
47.49664417563782	8.12812379923714	0.019990370214193264	0.15013374669504542	0.1877580833556936	0.15713028316773733	0.017022447343171546
29.988839843753468	7.271717136868173	0.02513165163535504	0.10003586501889378	0.12147212280530062	0.09835628636177828	0.010655264355859314
28.951829152734156	5.244632125601022	0.04066675006072194	0.0737310586273697	0.1227612536109061	0.09542259427851175	0.01033744771350544
40.82993001585613	7.731618017427011	0.04333425557908789	0.1158339927328905	0.1688630744140531	0.13458180733795025	0.01457969579494461
39.6001084710622	9.265249311097442	0.01536403696126764	0.14221622932972974	0.1552581043231306	0.13015622969946872	0.014100258217442443
44.82920752283334	7.541072563924993	0.029603927879589848	0.13344205056475322	0.1804335623162396	0.14825431593657082	0.01606088422646184
40.74156187748913	7.810933614577369	0.03772093244806994	0.12001746841616291	0.16683170113019788	0.13430696125644143	0.014549920802781155
34.175304750718226	6.204058635983731	0.0184119024693607	0.10755152793352615	0.1361596917719613	0.11290061439690226	0.012230899892997745
24.748027958379033	6.680381479929663	0.01802136016674224	0.08883848464631153	0.09919491218094748	0.0809567394757829	0.008770313443209813
34.48941401683904	5.949752204407344	0.01128123523630789	0.11156073769631553	0.13536631964307186	0.11411189956935365	0.012362122453346645
40.969793378907184	8.038755100417436	0.05417955050425792	0.11066558479390724	0.17250134071381457	0.1348492532340043	0.014608669100350464
44.51424897221534	11.889227090963178	0.05837151066512314	0.1410490886103511	0.18613853154869947	0.1454269607469221	0.015754587414249895
26.07801302800529	6.943949409783153	0.012819099116991082	0.09725431714673982	0.10273659754023487	0.08539607775508389	0.009251241756800754
42.48674284762005	8.862175841812768	0.020086395121329127	0.1430994089583007	0.1680299473945709	0.13998511900346877	0.015165054558709118
45.708655179446986	8.63359572591351	0.03834185950477383	0.13655536713018748	0.18604259243624507	0.15076200993116967	0.016332551075876715
41.483527652512024	9.866547504791939	0.0405162818231528	0.1331598989060005	0.1698015859560427	0.13607100331637276	0.014741025359273715
38.49075653355259	7.131162828795717	0.01717839920062838	0.12452166741758437	0.1522495584448303	0.12713928618622988	0.013773422670174902
25.317640179494084	5.114288557406358	0.02592632287159125	0.07455434278403494	0.10431314122610857	0.08334848497143908	0.009029419205239234
30.075690354868655	7.055862663418404	0.011141607888664274	0.10849862642500889	0.11775353810778579	0.09884985974000987	0.010708734805167736
24.511860994365936	5.263953332166099	0.023349567124194632	0.07541780688100586	0.10036262505131051	0.08060329776969433	0.008732023925050219
31.53265788432144	5.358652920064072	0.04348276108091778	0.0785690416459634	0.13359309032641817	0.10405853003337488	0.01127300742028228
39.37974881783842	7.873466146983476	0.05976030957240134	0.1020170773564223	0.16802422359901115	0.1294957129187946	0.014028702232869415
47.53196524295085	9.550089018860104	0.030768882371648047	0.15199886920366223	0.19056700027434384	0.15665964143905092	0.016971461155897184
32.3036365146141	7.565563258408205	0.02020252392147481	0.11076533731818779	0.1289150369972642	0.10610278961509097	0.011494468874968187
32.23948030071919	8.008012590899467	0.037917815860121856	0.10125351806629168	0.13374095122183596	0.10557367210146433	0.01143714781099197
38.80734267480197	9.717467317579631	0.059164863580857506	0.11305053462465751	0.16495487845124868	0.12693243811928528	0.013751014129589238
32.719943214748575	8.069057057799961	0.036627578159746654	0.10366534272854362	0.13520684709407058	0.10718393602527468	0.011611593069404758
41.60823269640658	7.095997666383939	0.013493626064630377	0.13413693315853484	0.1633019777111713	0.13769466196241972	0.014916921712595472
40.5237046114717	8.64980377121367	0.05337269431647314	0.11414227464716453	0.17030653611754876	0.133140907473248	0.014423598309601864
33.26903457050462	6.764530210121556	0.05224655732929853	0.08570369954364418	0.14243044059190582	0.10934640820440314	0.011845860888810341
25.086157303112966	5.677625603828038	0.04338469805121624	0.06561237480608995	0.10836844959922538	0.08221568665686027	0.008906699387826528
45.999978791157496	12.39145721918459	0.08638498825592925	0.12844334123033008	0.20001616997538169	0.15000955259625376	0.016251034864594158
44.20699404166814	8.5616313169821	0.03401087693983318	0.1355629888944531	0.1789463841422633	0.14576336550930633	0.015791031263508185
34.10911683027466	8.959555812635253	0.01669510192159355	0.12645761231641608	0.13439901086907602	0.11173826445485253	0.012104978649275691
42.49667951676128	10.935993461744541	0.029714948952311696	0.14992785246345236	0.1701646848515099	0.1392134134365987	0.015081453122298194
29.88410056947522	7.9815152136322745	0.022266493375311194	0.1063735918819803	0.11996137457869914	0.09778306224892369	0.010593165076966733
28.195666456300756	7.13032216410263	0.045143238765666185	0.08110269741870517	0.12046084235709316	0.09217969845112525	0.009986133998871903
38.67578801371957	7.037185887794561	0.048620781870990996	0.10263518946046618	0.16229558377595932	0.1275124908834745	0.013813853179043068
27.21794209108176	6.786872636143237	0.051341104037725016	0.07230598804916594	0.11861274234556834	0.08894665352669548	0.009635887465392009
46.22300707880558	8.74875995094499	0.028179745293469397	0.14552340072328263	0.1849988644597559	0.15254766994446353	0.016525997577316882
29.24812851708827	5.868208820510693	0.0472275272491872	0.07394008924874867	0.1256275764141399	0.09614638654091083	0.010415858541932006
41.7333137709853	8.981443428951382	0.06571892809238752	0.11060113682080173	0.17854141287764108	0.13699280267838565	0.014840886956825113
29.199545737848574	6.553081534124764	0.00936282776382819	0.10441376742103463	0.1140008753582555	0.09608630848795509	0.010409350086195134
40.67204657903742	7.392623983135395	0.030941114037261287	0.1218222874764317	0.16470877676521728	0.1342785863309223	0.01454684685251658
34.08654594055192	7.9702799092874415	0.05547639997772918	0.09320970681401518	0.14612977656236043	0.11165566986606175	0.012096030902156689
30.436045373780416	6.517889407190704	0.05737931576621803	0.07392657973270993	0.13301459581378525	0.09983472365812311	0.010815428396296671
32.77644802930968	6.617216332718204	0.02169551108355211	0.1046893169784105	0.13153847628555326	0.10801190774449183	0.011701290005653281
44.02507990627436	9.04631724741777	0.02710284979004912	0.1430511411009602	0.17602194490780113	0.14504436076437882	0.015713139082807706
28.37342523459625	6.101048916819481	0.05322410956336369	0.069262116637633	0.12391253425271906	0.09306280990076413	0.010081804405916113
30.619705606244654	6.300182653774131	0.03169284394452479	0.09068003577511131	0.1262166689977349	0.10076064767369353	0.010915736831316799
28.53622931201064	7.566505112466338	0.03181751800002304	0.09393074014291733	0.11769002504652863	0.09329672972997773	0.010107145720747586
28.981284305674002	7.737894170573937	0.05275146649184259	0.08163034242691962	0.12554621743872887	0.09454925197369196	0.010242835630483296
46.85481981885988	10.424312098783819	0.06764017730557768	0.13062618548010163	0.19851320285082513	0.15374183917417591	0.01665536591053572
37.210327959709105	6.96506956095789	0.05710181500528844	0.09288026140416297	0.15912661655526156	0.12252056572053469	0.013273061286391257
44.01981521978795	7.661105874061597	0.013266281506022144	0.14360632265663972	0.17241293163978957	0.1456311377940274	0.015776706594352968
25.381534170903677	5.508448673943833	0.045234196581499055	0.06392943975530174	0.11012534830698018	0.08325345392180393	0.009019124174862092
36.06443213745416	8.38926792072207	0.010435719216583442	0.13165803782673918	0.14036250479772766	0.11858420869566824	0.012846622608697393
28.20190156274773	6.282037035265135	0.03897877604601846	0.07987062383419379	0.11896987316229517	0.09255013014738026	0.010026264099299529
28.70763346617496	5.665505334392513	0.0450608283820237	0.07285564110141038	0.1229576859915474	0.0944139457853256	0.01022817746007694
36.88651301224887	6.8421210119348705	0.024148916402417807	0.11407750915487339	0.148172638833192	0.12176823658237321	0.01319155896309043
40.512709060800724	7.108565207083127	0.0392650547325006	0.11385901448877836	0.16665150330492473	0.13376486226777679	0.014491193412342486
30.512216758572084	7.263184231341586	0.04005000599235338	0.09090523838089261	0.12792025892257028	0.09998936616719141	0.010832181334779069
30.10866368617031	7.670980580281963	0.027648320299068902	0.10116886004567995	0.12253776606115237	0.09859925808475188	0.010681586292514788
36.37932008657903	7.542461019739965	0.012373103058791687	0.12556413465886473	0.14246617310015938	0.11992173438539001	0.012991521225083917
24.822651809866716	4.966042702616643	0.01870327947732798	0.07742098284169532	0.10030631093322334	0.08179612938200853	0.008861247349717591
36.4796309332496	9.889229927917714	0.031918080198154675	0.12752788413850014	0.14778448132944735	0.11927083982602603	0.012921007647819487
37.085522798416505	9.53503175213984	0.0258300589022475	0.13085232329949037	0.14847053560791357	0.12149103640159147	0.013161528943505741
34.447999290968134	5.7094514201812245	0.04464507613411768	0.08686811223781367	0.1451520760906453	0.11375507334369506	0.012323466278900299
39.398924861838246	9.965905263206647	0.055594890382065054	0.1185122937009486	0.16611163476990964	0.1288729264706136	0.01396123370098314
25.757664959338182	6.094310255658784	0.02223921144492218	0.08448811179764311	0.104581252615122	0.08452561510513583	0.009156941636389714
41.81829030551417	7.805767463882405	0.06359523603036699	0.10463951860809684	0.17866927795098198	0.13770573556744123	0.014918121353139465
29.02605827222258	5.430308370702691	0.05010982823241404	0.06858921735583391	0.12577366356032801	0.09552347517348395	0.010348376477127427
44.93376803414799	10.754197721382779	0.013598866038505165	0.165582305363485	0.1749491835052507	0.1476377368651146	0.015994088160387415
24.445664122572268	4.70375036464639	0.030187569657573455	0.066907185746084	0.10232837438559102	0.08051263521109138	0.008722202147868232
40.60941996305373	6.9689148784453225	0.011439879341353987	0.13239197577762793	0.15885503503243134	0.13438986897069827	0.014558902471825647
29.42153648235121	6.030455787815721	0.052183978726845284	0.07197635553650278	0.127708376954879	0.09663015274134368	0.010468266546978898
41.661551558536146	10.31440063928477	0.040873641953946736	0.13623531598426603	0.1704379572504565	0.13651279736184607	0.014788886380866659
40.965875587403076	9.866306406416609	0.061193240398023076	0.11766948138063953	0.1738984021213763	0.13413970951139506	0.014531801863734466
28.669748768991624	5.193757910028222	0.047687787161989084	0.06789274750044423	0.12375712536697796	0.09442600892090747	0.010229484299764975
37.39788576762116	7.484734549113241	0.01991050405189231	0.122370129582685	0.1486773418490583	0.12330776679134152	0.013358341402395332
26.93670594898497	4.759354494834923	0.01468993766083765	0.08380101791935982	0.10741975822352151	0.08903103343520292	0.009645028622146983
42.78126409609037	7.774263005997425	0.04157218910806785	0.12189609162102306	0.17591866707828183	0.14116147212014205	0.015292492813015389
42.33568275892772	9.90263133209253	0.06799018012676564	0.1164192661081882	0.1812232727400139	0.1386839724892069	0.015024097019664083
30.087521913202544	6.829773771796588	0.008299351878433144	0.10902212396263798	0.11704130137127798	0.09899367447912905	0.01072431473523898
46.94557519526205	10.135311880866542	0.08254093730745284	0.11867531330282674	0.20337436448623697	0.15401374260747697	0.016684822115810006
43.88759681283193	11.57551523339162	0.011738867092603274	0.16974521577870252	0.1700325074882433	0.14384295555460655	0.015582986851749043
25.10173347842027	4.180599645586646	0.020519398153868464	0.07172505783771697	0.10221265955937531	0.08299277257714338	0.0089908836958572
44.684682131164834	8.874886363313886	0.07545472536664848	0.11009783058099926	0.19293957379265073	0.14689205122266424	0.01591330554912196
36.88697189687141	9.758390349183342	0.06913425056304534	0.1019361443374388	0.16041506466095165	0.12035429639096082	0.013038382109020755
27.953594273468724	6.786229372202146	0.007880851929569877	0.10403228912580463	0.10863122129678257	0.0918183771460443	0.009946990857488132
36.11245282204558	9.526534171659916	0.027916789920767113	0.12707805394852129	0.14530452922093876	0.11819465829134802	0.012804421314896036
34.68731890970037	8.870465343926659	0.027448231186110263	0.11980871982280303	0.13985860726831237	0.11362159740873258	0.01230900638594603
40.88714653644135	7.853662696285528	0.07367819441422331	0.0958080868435564	0.17800913840280022	0.1344591560989416	0.01456640857738534
27.28326701376371	4.678005033551957	0.03254218583357304	0.07175825104153395	0.1140733555766963	0.09006681727013664	0.009757238537598136
33.297021997054955	6.836935991942262	0.0532642474818444	0.08553625882685395	0.14281391892396364	0.10940651222763309	0.011852372157993585
46.22312626952292	9.301662730892215	0.07774789987780988	0.11488513956314603	0.19944842785817146	0.15191012621048683	0.01645693033946941
28.871594315680575	5.2056585297657465	0.04458080590897786	0.07058782522899033	0.12361990493811881	0.09513035168970757	0.01030578809971832
33.306505149688	7.062825377697253	0.049801581035608784	0.08941473832150933	0.14174585524419198	0.10939140439359585	0.011850735475972884
30.13186875934553	6.387823240920365	0.011857440136662073	0.10380214742409932	0.11842507518916719	0.09926425770917033	0.010753627918493453
25.847621586673178	6.3403995581169	0.04544503114464607	0.07027223729745442	0.11170033148572582	0.08453464716015355	0.009157920109016634
45.15790727609756	7.822843318320031	0.07548445098104431	0.10436041355099754	0.1951696582266795	0.14885166782955675	0.016125597348201983
41.92256138562083	9.51617827025475	0.0617896155069439	0.11722628072290607	0.17792320888874488	0.13748093808335074	0.014893768292362995
30.644678802400605	6.414908421135348	0.009822533804005041	0.10658357764528398	0.11980901900784471	0.10100204581458122	0.010941888296579633
44.90578900688679	10.28924427239728	0.02318558544517486	0.15588116655404466	0.1778415291576375	0.14761816510822243	0.015991967886724096
37.42786617435696	8.651053888663606	0.03979119358242222	0.11627951493686096	0.15424784142274744	0.1228257212988282	0.013306119807373055
38.126815927851375	6.588388398807268	0.010624863161065808	0.12467344996964766	0.14909301341680747	0.126159393691233	0.013667267649883574
34.26657055589868	5.684403294948828	0.023123168485914076	0.10114107820952502	0.13809488694301778	0.11334591310345994	0.012279140586208161
26.905006803861387	5.545993304224812	0.029212842469731538	0.07880229319221156	0.11130411325286206	0.08852084023427483	0.009589757692046438
28.772742543451066	5.073202610744531	0.02198363112660705	0.08509979171543212	0.11660502653310664	0.09504648065601422	0.010296702071068206
42.18763292096793	8.972120510835216	0.04142781441264774	0.12837669328424045	0.17313355973986325	0.13874644185185855	0.015030864533951343
39.124404143161804	8.32247410176459	0.06728771384841024	0.09913460313729883	0.16909310686772583	0.12841151283729818	0.013911247224040637
29.863129561418475	7.6957255346848985	0.010412928378321046	0.11265503827372013	0.11647997457661044	0.09791812447227301	0.010607796817829576
36.46109469488281	7.559480853419484	0.014086572501122668	0.12468291062977889	0.14328455280520488	0.12017609537316877	0.01301907699875995
42.463698894242484	9.774707155527837	0.054572814774641175	0.12515342122612877	0.17780231167883628	0.13928070674399706	0.015088743230599683
46.65913891812618	8.708588840329314	0.08632314119973836	0.10613762093828995	0.2038933314926211	0.15350831629450343	0.016630067598571205
41.57227243672015	10.960421585210849	0.032452065972619605	0.14603204622333735	0.1673683136054719	0.1360638290075405	0.014740248142483554
38.289538567958544	10.066034179722429	0.056770439043390776	0.11575269184537935	0.16210674509067352	0.12508755337201855	0.013551151615302008
29.564249023515426	5.311878385710879	0.013942565613747984	0.09405347682079564	0.1172217796670542	0.09770462443251043	0.010584667646855297
41.88904940649821	8.154285832345847	0.0540438627307884	0.11366107011593693	0.1759958942389825	0.1379095544403263	0.014940201731035347
41.88976938017447	7.425052184554301	0.07259316689994989	0.09612426505335898	0.18174412175173513	0.13799758605582746	0.014949738489381307
24.62180306779446	4.556770874128741	0.007488217502359741	0.08203933922711275	0.09635841126142089	0.08136179783135175	0.008814194765063106
27.47036040577866	6.692833361213246	0.018035493561423137	0.09528349021446719	0.10978594013719284	0.09013015144528813	0.009764099739906214
45.85427960341638	7.626943955925456	0.036703152681056776	0.13149738538603123	0.18648865526078712	0.15161647856152863	0.016425118510832268
41.672423666987996	11.019454311872357	0.06799277057569147	0.12210967511159254	0.17823999271668162	0.13606095598204496	0.01473993689805487
44.71740106021464	7.739013787738826	0.022221273511576302	0.13956187671665063	0.17774523947322876	0.1478752864553379	0.016019822699328272
24.768562491203827	5.888332027283902	0.0410281662414643	0.06786279421843126	0.10636025880786353	0.08109319337804403	0.008785095949288103
38.97390561529201	7.181705304557421	0.05935936225186196	0.0968560517337426	0.1665767757996799	0.12837076399068653	0.013906832765657708
31.10648005771949	7.340058160262407	0.018862173856796605	0.10742491229278237	0.12394282894300947	0.10215699140140623	0.011067007401819009
39.44619910937784	9.110154586095094	0.037781426802255456	0.12537117332997316	0.16134039039674322	0.12948920600904562	0.014027997317646607
38.6851816645174	9.463261982914595	0.010718769524024133	0.14456603158629017	0.15025416348372753	0.12704494835297256	0.013763202738238693
29.971709156047634	5.262455699143166	0.02847635719093247	0.08465171256483536	0.12312006357776387	0.09896454155844862	0.010721158668831934
30.351047824062547	7.070524137203961	0.017676147892334303	0.10472654296818243	0.12075068700056883	0.09971425131512406	0.010802377225805106
43.60964010408295	10.833460352968702	0.0313108850796808	0.15076659673662185	0.17500340823372473	0.1429867109291584	0.015490227017325494
34.77314578449963	7.767408732093139	0.0498424829242895	0.09739126646028604	0.14720934252028686	0.11409144063231451	0.012359906068500738
34.26639696080574	5.719100166960029	0.041345278503701656	0.08878392248425511	0.14346686589890031	0.11316920728155408	0.012259997455501692
38.67517584876841	10.356431458171572	0.030829776350678826	0.1364507701390135	0.15583587416664302	0.12652065793345907	0.013706404609458066
25.837872346802193	4.738867804812025	0.03495790655713177	0.06710089666574433	0.10914191022626676	0.08515108825057133	0.009224701227145226
48.00743008288478	11.808062316636631	0.07943161688513141	0.13415998661695827	0.20598214294312137	0.15704205469751606	0.017012889258897573
36.11717482466184	7.016501145025306	0.054895024278227386	0.0921781616519028	0.15420289614580412	0.11883725118687725	0.012874035545245036
47.19857858598277	10.597934929125403	0.08895605638072146	0.11783939500984131	0.20608736289336407	0.15464864604711043	0.016753603321770297
48.34422121737379	9.840142782754603	0.09053000971021205	0.11451899627275211	0.2112835440515107	0.15875934427409008	0.017198928963026425
38.826073027043144	9.799854384701085	0.07188087303978893	0.10484882156067926	0.16875594741110256	0.1268525260712529	0.013742356991052399
31.88548092986297	8.224761284231123	0.03991486175261727	0.1004518799539071	0.13287555930285413	0.10428714779451966	0.011297774344406295
34.82274922420698	7.790324286636182	0.02304044565398381	0.11616209341363312	0.1394732198589292	0.11449209652659191	0.012403310457047456
33.048775596483665	6.744095854441293	0.022527145921366915	0.10557581839882593	0.13279789913003598	0.10887856306978218	0.01179517766589307
31.262555844494347	8.248604377864883	0.04188780031543908	0.09778580215713552	0.13102648988888504	0.10216104009905391	0.01106744601073084
48.536799444426954	12.267267511420197	0.06642778845478514	0.14735718931906772	0.2040326945232562	0.15878473799369974	0.01720167994931747
26.380978241127274	4.788765338240081	0.05027450776222523	0.058120539010178274	0.11576338084037312	0.08682685051870366	0.00940624213952623
47.961956494256036	12.66906604201693	0.01622458661676672	0.1832816966634698	0.1868144490786344	0.1571596570956558	0.017025629518696045
30.68135629353602	6.663129789241279	0.045944925145374654	0.08333827106563504	0.13053728640724604	0.10071439780026066	0.010910726428361571
32.36221138021799	5.769165514584322	0.03540650189738248	0.08875086089784462	0.13428536624146337	0.10678572479501111	0.011568453519459537
27.262755461325355	5.038105721187663	0.008908091391883201	0.09036495143825163	0.10687881694538409	0.090085742931588	0.0097592888175887
46.29207780638164	11.32836888437206	0.016607351604746128	0.17041014160458692	0.18091534662089045	0.15199101312681526	0.016465693088738322
27.02528107025111	6.823607169090758	0.042124071792542545	0.07845729710893645	0.11512599469303746	0.08836740868389648	0.009573135940755451
41.394466436084066	10.220401464104324	0.038934066529383894	0.1363393935122444	0.1688596172768006	0.13566240184060904	0.014696760199399313
48.59697940414156	12.158262754053021	0.05691198198013283	0.15336133729212334	0.2014940071696054	0.15911108443167854	0.017237034146765175
30.865836858220863	7.484220896000149	0.008742604435596275	0.1147839687824598	0.11996385371891383	0.10138689150993557	0.010983579913576354
28.112197992693037	7.417564650292666	0.014861203648217226	0.10367955140129853	0.11108302658857842	0.09207148682646071	0.009974411072866578
33.31968851897613	8.267891625980697	0.028880154686154787	0.11170883215524528	0.13517872357670455	0.10920675054211225	0.011830731308728828
27.617210755645097	5.0311692013795986	0.020105250647223936	0.0834185501350346	0.11156945185024068	0.09118229212632294	0.009878081647018318
30.192384024320948	8.034955345748253	0.05527133790443644	0.08465319215930157	0.1308953975646393	0.09850664385502435	0.010671553084294304
32.65894596302017	8.118396913725421	0.045028091455289486	0.0980422963727192	0.13743431358008107	0.10688554953528795	0.011579267866322861
26.592161966110282	4.423596227134429	0.01636899668905137	0.079656817273519	0.10669684800204154	0.08797067154595643	0.00953015608414528
34.6890349926985	7.707451659990917	0.03679624761719321	0.10581342055166859	0.14304821031736198	0.11394613706333098	0.012344164848527522
38.11531738781315	7.431046819916287	0.0320577763512519	0.11531427674668686	0.15507783468394293	0.12563566643997534	0.01361053053099733
32.314662982309436	7.868942018009263	0.048980180421652905	0.09288911900107955	0.1373529798889488	0.10577569708222274	0.01145903385057413
26.30977089599702	6.499231237056069	0.03264662272711976	0.08122161242115929	0.10965862021190025	0.0861529277027599	0.009333233834465656
34.791424507064406	6.353767304779437	0.04305783165686891	0.09294799469761411	0.14578625836303022	0.11470393375640504	0.012426259490277213
32.0680127603731	6.103960347368833	0.044493434735580574	0.08395967476097961	0.13570525055708732	0.10559606157509227	0.011439573337301662
39.516202406736646	7.422558214326462	0.07531116253806691	0.08867399223329465	0.17331381021820044	0.1299719197905515	0.014080291310643079
39.050390140384486	8.633763759401718	0.06265181698647672	0.10418168106639092	0.1673226055614987	0.12809588714212347	0.013877054440396708
41.018119494669584	10.409720109325574	0.06013817803954785	0.12204556490229207	0.1735934721472208	0.13413707061807922	0.014531515983625249
25.805823555539515	6.338743069033389	0.014318597827259002	0.09165552393611345	0.10233949564878375	0.08467461611395445	0.009173083412345066
30.78377702336618	5.83008622534343	0.01760853324454918	0.09773935224871004	0.1228625370355695	0.10160349105127879	0.011007044863888536
42.3979386289807	8.646600846025565	0.06580620139203698	0.10992479515983523	0.1812739647782752	0.13934868930390576	0.015096108007923124
45.53203135957579	7.756333174708515	0.08392191497759649	0.09897908332177428	0.19914276991330823	0.15006001916803136	0.01625650207653673
47.79744943907951	12.394206331137575	0.055485154985825735	0.1540051546222889	0.19787646291397695	0.15634671748131132	0.016937561060475396
42.9129377953084	9.325215572932104	0.045602800048427906	0.12948281658457647	0.17706162127291963	0.14103174528184698	0.015278439072200091
36.9300496573295	8.699884048537314	0.04111229920506996	0.11451853203705328	0.15268384554104064	0.12111860766798882	0.013121182497365455
46.55143394547353	10.43163640628529	0.05152313131917854	0.14109171360593928	0.1925671378764838	0.15286163309340664	0.016560010251785717
44.14531196569465	10.973356537257164	0.05379098401141855	0.13740649186697626	0.18368046557861778	0.14454171875965427	0.015658686198962546
36.221333230126824	6.189451902873639	0.052673069687444236	0.08859093834571466	0.15425035961562997	0.1194949519351818	0.012945286459644694
36.558363034053144	6.168926399696504	0.06011046808486576	0.08411158770764739	0.1577669859569903	0.12057132085466174	0.013061893092588355
31.65438464633217	5.969887550068059	0.011631254459549637	0.10481183235443653	0.12443268109573834	0.10454398067204222	0.011325597906137908
44.812070461166854	9.133959566807	0.02648849616485418	0.1458865293056183	0.17887053204352243	0.14767272561783104	0.015997878608598363
36.752376766712004	9.855283255196516	0.011245762811315833	0.14221989583397565	0.14274857367365454	0.12038827930296836	0.013042063591154906
31.56662157075008	7.414190522548133	0.021948608916259323	0.10685209645054966	0.12661837498988796	0.10365479675482388	0.011229269648439254
47.17380938754584	8.363562364041487	0.030928972455169387	0.14335243789330954	0.18964968890696707	0.15586182601646853	0.01688503115178409
25.076903500772385	5.030760208991168	0.04394524743273878	0.061007274783847126	0.10873187695413858	0.082403554175935	0.008927051702392958
45.78634088204629	12.213347055640453	0.03074492219995508	0.16520553543996014	0.18280602047718889	0.14985208642982412	0.016233976029897613
24.718371654048887	5.912496911400955	0.026686302511318066	0.07780468304546605	0.10191779487553515	0.08104476772051192	0.00877984983638879
33.04864788510617	7.0893397118373365	0.03567501728753128	0.09873698649326274	0.13655823486885948	0.1086401159158001	0.011769345890878344
35.27105169312456	6.571838962418533	0.06054932638535238	0.08340830012421152	0.15274273390838838	0.11608783732762985	0.0125761823771599
36.94924442691973	8.712299311056036	0.023755721782319657	0.12662822739210866	0.14762463494426895	0.12133532290799397	0.013144659981699346
46.37394355093791	12.104800992001191	0.062415027783512274	0.14400987541328567	0.19449083051411303	0.15158548421162446	0.01642176078959265
25.95153200036329	5.953727364777913	0.043610097510568525	0.0692740514016258	0.11170205925134931	0.08503545342679514	0.009212174121236141
32.69942098449291	6.222562549424028	0.03832480108144234	0.09046670128754737	0.1362958889913357	0.10773920142276328	0.011671746820799356
30.1875220800366	6.206161841600482	0.043154756241494646	0.0811440789192005	0.12795656582526754	0.0992329728233499	0.010750238722529573
32.148979678378424	8.71807588681625	0.04621469474406376	0.09991924125368615	0.13558422817663893	0.1049478392519198	0.011369349252291312
26.50916937945108	5.3674441452935895	0.018767144426117332	0.08392964586647277	0.10674159177744344	0.08734227474499623	0.009462079764041257
38.35869168367064	8.680993697331992	0.018333456611788944	0.13346909240430313	0.1515170174560407	0.12614669681643018	0.013665892155113268
26.351256081331517	5.652214263319673	0.020326283927443192	0.08433075263391085	0.10648508413423809	0.08669719616063559	0.009392196250735523
26.11509000751859	5.990090092749803	0.03386739787606121	0.07661994680098269	0.10944598049730983	0.08566199957369591	0.009280049953817057
28.396625074252967	4.797348898338219	0.022016101009418323	0.0824072048351617	0.1152510117704023	0.09387374828938812	0.010169656064683712
45.03550561913831	10.28184537766823	0.016065574512202772	0.16105304298715595	0.17624468907619337	0.14812216408456164	0.01604656777582751
27.545832550154916	4.647627087222971	0.015832975653408576	0.08371316787532437	0.11016777129074264	0.09111300946504243	0.009870576025379597
47.21526611802335	11.04386009691114	0.036797442308237484	0.1567853103599431	0.19057666086201452	0.1550201249599276	0.016793846870658824
40.37192210587487	8.173959524607548	0.03793553600210216	0.12135887475285202	0.16532583009105273	0.13293308074194532	0.014401083747044076
40.39882994590926	7.894786302649186	0.017416333906744224	0.1337787164559762	0.15946735165966383	0.13330530406501417	0.014441407940376537
44.582819043927415	11.808793861586334	0.0192470040093678	0.1677021788936109	0.1748718801802618	0.14603833564761118	0.015820819695157876
39.16352199274001	8.922108745559315	0.03666892766769146	0.12425756600603795	0.15997980299785514	0.12861138006237785	0.0139328995067576
30.212462403101426	5.705727565964364	0.02866971622053693	0.08795752026789821	0.12395367431799113	0.09962088041559437	0.010792262045022724
39.535239505124345	6.8200696838868335	0.05844376869919353	0.09645650451436075	0.16862077450384838	0.13039673778117591	0.01412631325962739
42.90092688505106	7.752865845468547	0.019270707244862774	0.13743598216294312	0.16980117985829377	0.14177314325551046	0.015358757186013634
43.634719376150784	9.476135164535494	0.03408841433168316	0.14010217853775087	0.17641234798379607	0.14351650718325262	0.015547621611519033
28.821286936800696	6.0116760218792145	0.05212937689101459	0.07048682126273188	0.12536373065105738	0.09461351771143903	0.010249797752072562
42.870434207015734	10.36226571784829	0.04176203570458347	0.13876286029988105	0.17538641674506628	0.14056374360520354	0.015227738890563718
33.132292543261514	6.288748295935	0.06194260089395357	0.07560217405835318	0.1449358610679002	0.10896292870159621	0.011804317276006256
27.638904171570584	7.460846863727315	0.010768093023761123	0.10567835308902289	0.10801637501451766	0.09049772699687171	0.009803920424661102
25.284859928357843	6.504032384109069	0.033906144880708644	0.07798340027490515	0.10604165257449347	0.0826846189944018	0.008957500391060195
31.04696103752014	5.982164397041764	0.05060380664051505	0.07655985825497127	0.1335826234379084	0.10214094006212701	0.011065268506730426
45.039935580083345	9.018875031005221	0.056981426538644867	0.12461897926006446	0.18881023921027057	0.14820619945806685	0.01605567160795724
36.6536947638852	7.1650711416044395	0.045840780052249286	0.10064985904953086	0.15356075101816594	0.1206760960433158	0.013073243738025878
43.55902916827845	11.280887607105608	0.06931556830461917	0.1273095502358834	0.18587636051765777	0.14231881780122957	0.015417871928466538
38.87464151876438	6.89204362284446	0.06546040391107358	0.0905319324132045	0.16809831042422224	0.12808152617984747	0.013875498669483476
47.57274642932486	9.325021619705705	0.07694864793380049	0.11874849438888137	0.20445453778541273	0.156459232152404	0.016949750149843765
40.06839721597741	10.26543771273528	0.036409866352607394	0.13526962492536976	0.16293823381393702	0.131198926858261	0.01421321707631161
47.933222249918074	11.823340508484494	0.0537042000113956	0.15184938588286845	0.19808467062414448	0.15701827172586452	0.01701031277030199
36.26075950488777	8.554983230804718	0.047980396215189194	0.10726924459585091	0.1521620427874968	0.11885056811893772	0.012875478212884919
34.80529918471059	8.28201050719937	0.04320731862756691	0.1053862981082628	0.14518757030588772	0.11408130409366046	0.012358807943479884
32.08006246367822	5.307832178403353	0.040695297630422116	0.08144569252299665	0.13491737627101702	0.10594671584681907	0.011477560883405399
32.59013346574386	6.492574421168856	0.033702936650930354	0.09515372176642177	0.13440721891583993	0.1073188321628319	0.011626206817640122
29.942224891585077	7.437666591796094	0.0473087097842153	0.0856906671429565	0.127784795111049	0.09794192173611434	0.01061037485474572
44.56827680956784	11.48365219932516	0.04626495805994834	0.14690373657957592	0.18291744122827674	0.14585864715076668	0.015801353441333058
36.700654214729234	8.59395695661538	0.055955677113523485	0.10304533401441461	0.15621632788777784	0.12024826951316318	0.01302689586392601
36.8567831793493	8.095060174339492	0.06291716756960927	0.0953677047111582	0.15906138450678972	0.12088478623011671	0.013095851841595977
26.506863624456155	6.797482537605407	0.01797153623799403	0.09375063657699385	0.10598069418358479	0.08684621485189699	0.00940833994228884
36.768976692729346	8.70356706246803	0.015085677327120099	0.13213591926146118	0.14436418680276372	0.1208086863190351	0.013087607684562136
24.951922584280297	4.8892406817926055	0.0329948483395521	0.0673575051821005	0.10506059755987415	0.08212984840070377	0.008897400243409575
30.49381558982115	6.127648157585077	0.027772611420925103	0.09197280951166521	0.12463069141460216	0.10043131220883333	0.01088005882262361
28.487060575691018	5.636279946522335	0.0351312381484654	0.07900569893546182	0.1191756004304533	0.09376987053935674	0.010158402641763646
28.723926727123555	5.911164125857791	0.022989606367928656	0.08972698171147168	0.11640957294184352	0.09458252732831289	0.01024644046056723
30.39917272085808	6.128893461432854	0.014200974722303012	0.10113011483944034	0.12025119358759294	0.10023402896534422	0.010858686471245625
26.972715204564302	5.410522437007511	0.03027090415024966	0.07735142665060037	0.11192918311986427	0.08878651377363107	0.009618538992143365
43.418279138291915	8.985378448872316	0.041865652960255996	0.13104178356044516	0.17804604506902114	0.14288680752314195	0.015479404148340377
33.037589775790906	7.7166937872331625	0.047172077224244685	0.09484252491640303	0.13968622836722955	0.10828194535377282	0.011730544079992055
27.978180082276694	6.103855677494558	0.05189248439279368	0.06927435846524514	0.12198026555923078	0.09174133162648965	0.009938644259536378
44.82830326470094	7.850524972187951	0.07542164470011646	0.10381163311635715	0.19385875465819843	0.14773144230709026	0.01600423958326811
34.89344553085317	6.53442132905673	0.024685163885207282	0.10704460800162738	0.14068820128488893	0.11515074517911537	0.012474664061070832
36.121839730467045	8.514572757518094	0.05294062251234511	0.10325693639365902	0.15310207263472403	0.11835155635443033	0.012821418605063285
37.8062443005793	6.761590589318099	0.04625905325416842	0.10044211039784541	0.15831422045148774	0.12469773230388098	0.013508920999587106
28.95750333536253	6.7633064262617415	0.05476402699815284	0.07386263413723129	0.12640067541150457	0.09478861038955123	0.010268766125534717
46.123493371976515	11.20027235775562	0.04087678078915499	0.15242709111238864	0.1874781163724983	0.15124848270404623	0.016385252292938343
46.643807074798666	12.471435935939867	0.07830256443841169	0.13605030320299402	0.2001035034934487	0.1522251806022092	0.016491061231905996
32.75879671847451	5.623122745846423	0.03995318564943977	0.08559264180928328	0.13722476151539095	0.1081323935738676	0.011714342637168989
35.21400995756872	8.9964551617208	0.023935400956591666	0.12428473516722052	0.14082404075061014	0.11538522577160287	0.012500066125256977
24.449006637972374	4.55602279127487	0.02309597256890834	0.07085320480588048	0.10029898088250527	0.08063894910423397	0.00873588615295868
35.343570291727836	8.780323671814214	0.04078384111017425	0.11155262230575211	0.14638544010302942	0.11574516715372406	0.012539059774986773
32.11483087879885	7.09324712674106	0.011182241486545426	0.11348747418273568	0.12568539986196667	0.1057111364449029	0.011452039781531148
36.19352534269003	7.473497048959543	0.041607656014110914	0.1044961236989672	0.15040796217747396	0.119055981932001	0.012897731375966774
44.89360193000493	8.353789918763677	0.042011141618722915	0.13029831807160264	0.1840570972094219	0.14807810254467163	0.016041794442339427
28.074278386087293	5.1147645302767994	0.03386084614237281	0.07553318088994905	0.11738268374363786	0.09257037460817037	0.010028457249218458
43.1262283201076	8.09318074500539	0.019912457084798146	0.13972810101419178	0.1707443954493024	0.14240902160871657	0.015427644007610961
38.05664329923601	8.378543098606979	0.06558823233186462	0.0981717580012815	0.16441642580425972	0.12480762857822227	0.013520826429307412
39.181761480699535	9.498137948567436	0.013912126966284211	0.1437500376304536	0.1531172599942665	0.12867823676584172	0.01394014231629952
35.597375572425356	9.442566474554285	0.03499039956973765	0.12044322495607827	0.1454214131097735	0.11642355811220507	0.012612552128822216
24.88637412761489	6.158427597530649	0.038097905891296024	0.07191407721427075	0.10585501846458929	0.0814231852354288	0.008820845067171453
44.77611487387947	10.176608471512765	0.0629276490463823	0.1274061130732682	0.18912273265232965	0.14686211818154424	0.015910062803000627
35.38411047513611	6.330035702466403	0.06583481649882833	0.07845489220088718	0.15483200374040249	0.11650517127087069	0.012621393554344325
37.03913400501198	9.603587824005222	0.06177385371193391	0.10637030631943759	0.15888777838397902	0.12098720059557662	0.013106946731187466
26.21392810808497	4.36543331333343	0.032089693263836115	0.06753922963726904	0.10989228128283951	0.08657410240046436	0.009378861093383638
27.78487384912427	6.176126179983621	0.03287992548214732	0.08241821467535992	0.11558328625945995	0.09123581353623068	0.009883879799758324
31.711508386977087	7.120207454355481	0.04096754001496784	0.09215216344216733	0.13290898415489735	0.10407383468944004	0.011274665424689337
45.12433021378284	8.047285111170806	0.04784692380289014	0.12482072082462821	0.1867901759313388	0.1489095988552972	0.016131873209323862
31.57823154914631	7.197437387344456	0.021402342819775547	0.10585032446853816	0.12658043791306658	0.10377395343682316	0.011242178288989177
46.00086848865749	11.520367127452092	0.05166468330499253	0.14676778905910579	0.19007351691116456	0.15062702429949112	0.01631792763244487
30.23186565347898	5.748888781264877	0.03000773687042368	0.08735908453245605	0.12440899171681155	0.09965929177126226	0.010796423275220079
46.34489760800392	8.246136975728165	0.08165143414126039	0.10562749384783734	0.20145725429001582	0.15265120061143303	0.016537213399571912
29.747319996698103	7.077928566032973	0.014342466360320943	0.10566283789758019	0.11741397680576067	0.09770634790769452	0.010584854356666906
27.790672243097788	6.056672211664158	0.010524045779552195	0.09709294577092863	0.10904216515871155	0.09149807403734134	0.00991229135404531
24.928376925215346	5.413389512874593	0.022530000823130687	0.07792834402661054	0.10168688650284011	0.08196311311677426	0.008879337254317212
44.48171808186509	8.782778570371246	0.04779263252979779	0.1281249596430209	0.18400822182716978	0.146488817586158	0.015869621905167115
41.4753850045876	10.951409608374673	0.013186106301703103	0.15904931892938243	0.1613009426754765	0.13591381267643746	0.014723996373280725
36.906351970622616	6.343259202811437	0.03389698813897509	0.10415694813073043	0.15131096109141257	0.12192016938273827	0.013208018349796645
48.5915919705839	10.692636259404122	0.07229919225617368	0.13321638729943616	0.20655010199740706	0.1594621330866119	0.01727506441771629
30.53947193051202	7.865094165144284	0.020113603468065344	0.10863931138451752	0.12191695313136783	0.10005225184338354	0.010838993949699883
48.044503799315514	9.437421851677728	0.015875850907716343	0.1627512141942659	0.18820042178006344	0.15856072694028475	0.017177412085197515
43.651559261795974	8.856353997993805	0.017688722910037126	0.14744442941191757	0.17185523372431732	0.1439356969749747	0.015593033838955592
31.032093298997744	8.357596202975623	0.048678561799560364	0.09326444022299255	0.13209735569207276	0.10128516152047189	0.010972559164717788
38.489521074977134	7.757992047670289	0.07074908654532802	0.09159618276790221	0.1678500067260733	0.12643551806032258	0.013697181123201613
33.98148646172911	8.338337732042174	0.05449821932135421	0.09602681951813931	0.14529894363110546	0.11118277241529642	0.012044800344990446
35.12523415749998	9.132524643373994	0.028471989253489077	0.12182721534841053	0.14177018190125218	0.11499793718825517	0.012458109862060977
30.02906805899165	7.734412264200351	0.0125277601196686	0.11183430299035242	0.1177365822121822	0.09844510765742998	0.010664886662888246
40.55635605109472	9.207000257693185	0.052429479924119594	0.11848466983476594	0.1699534543710869	0.13306643367163132	0.014415530314426725
42.36842417381799	7.976828917153703	0.018322302277089197	0.13829695162759445	0.16736823461268985	0.13990885290843103	0.01515679239841336
28.664005955790856	6.460080757948207	0.053943048784945526	0.07177520323137815	0.12512576943992143	0.09391158580039148	0.010173755128375744
27.312545710540665	5.270840495696861	0.049006358881605414	0.0643046540538867	0.11883869034371045	0.08981186289180304	0.009729618479945329
42.44996843858451	11.043897760353584	0.05544046801130667	0.13275576582174065	0.17754663929144698	0.13878687935339534	0.015035245263284494
40.20835847853521	9.449228108618444	0.04983331400062707	0.12103385355417645	0.1677447695922107	0.13183268007353688	0.014281873674633162
32.36597096779532	8.169745593788715	0.034598173196938205	0.10489100182482344	0.13319356363249826	0.10597397364682797	0.011480513811739698
25.556115291119852	5.052751976058877	0.01062531610123509	0.08527839704473132	0.10074125987742831	0.08431157426772291	0.009133753879003316
24.874180738094687	6.2986607196763815	0.02631495929795513	0.08093104018900027	0.10227467807450237	0.08143960373894196	0.008822623738385379
29.911525229906314	8.003469600395562	0.028048510703882312	0.10258791229019482	0.12176890109955263	0.09781584318341031	0.01059671634486945
41.700850637406944	10.766695483918868	0.0550269855762245	0.12948901603698146	0.1746101454926874	0.1363611268299765	0.014772455406580788
26.37981508967749	4.7272914232576575	0.01703186240739047	0.08067209801483645	0.10595684843021314	0.08714359458232092	0.009440556079751432
27.345369142787213	4.525383083755011	0.04053612394148489	0.06539397339968554	0.11673257681515457	0.0902570712988201	0.009777849390705511
32.228719364238174	8.018739916325535	0.035205966192298266	0.10317036715732739	0.13289377369702396	0.10555809855642552	0.011435460676946098
34.05448589585757	8.909431854278754	0.02085387818042483	0.12313301936848443	0.13543362729713976	0.11153400013324048	0.012082850014434385
34.991717574614896	7.289256938696339	0.05626963445402173	0.09036336270730186	0.15013192504463682	0.1149360967697871	0.012451410483393602
33.317397014279415	6.109379062929347	0.04512229500542871	0.08648588760219142	0.14074992281862533	0.1098005948895666	0.011895064446369716
33.7413374344468	8.655431808898967	0.030014879780283367	0.11442665104150461	0.13701446008874543	0.1104837778719812	0.011969075936131297
31.112936342273095	6.040708581059947	0.032774675408443595	0.08940461954957696	0.1285490898584843	0.1025036412049137	0.011104561130532318
27.016494944520822	6.1625031724119825	0.03261823088273625	0.08071147230221477	0.11252145960637801	0.08865243903211857	0.009604014228479512
45.30991760157313	9.963005654203005	0.029867825728459665	0.1500970902013076	0.1815065151826722	0.1490334635107957	0.0161452918803362
25.435515041362695	4.773620181854406	0.03869538806344928	0.06380365535102117	0.10866850337601247	0.08374891483182922	0.0090727991067815
29.33487453995022	5.983361183518126	0.05099309094522192	0.07229020591250361	0.12703629049905169	0.09636502857960792	0.010439544762790857
35.5577859953379	8.765459107743412	0.04018606169634634	0.11237049924139862	0.14704756518735185	0.11647789009131826	0.012618438093226145
38.997810918213965	8.044656128056594	0.07339180091713125	0.09282122679876614	0.17050493617179008	0.12802600899588454	0.013869484307887491
33.0483937211527	6.28551272354065	0.0373287261174506	0.09237991090731718	0.13733646211753825	0.10890286056716657	0.011797809894776379
39.42996861644653	7.899315784664342	0.028607232507284565	0.12381264811580983	0.1590035726124277	0.12993661356937972	0.014076466470016136
25.93760037689264	5.207169079645746	0.018722334089530404	0.08158258439141322	0.10456255690361131	0.08547126530346276	0.009259387074541799
31.831895748770965	7.887316988329647	0.012479728274633714	0.11708048715947801	0.1246811076296828	0.1044704735325199	0.011317634632689656
25.769284095693916	4.832615396874082	0.029244345192229248	0.0714935202019823	0.10715265239792085	0.08493882908078734	0.009201706483751963
46.788085939034474	11.932916392419164	0.014110792692569863	0.1772171440087952	0.1818888007730998	0.15347624635283105	0.01662659335489003
33.87205560197729	8.63110775243729	0.06126503797643995	0.09299758803521063	0.14676719711713795	0.11065147415357891	0.011987243033304382
43.9628802875188	11.854930601519175	0.07105621262931	0.13077722236837294	0.18775452160733608	0.14346577066071037	0.015542125154910288
42.284161882438184	9.456972934332859	0.044384585690534224	0.12970650714495047	0.1742077061834323	0.1388772625591856	0.015045036777245105
35.31023506757403	9.350600538332582	0.013058015066224973	0.13431798907330592	0.1378558226349729	0.11568489059818146	0.012532529814802991
33.41928424375838	8.175419968589596	0.018293754305438645	0.11865173564118348	0.13247101666991945	0.10966989331964669	0.01188090510962839
34.41488821959719	7.570543428247591	0.010221992024303413	0.12263213203995457	0.13417759863473463	0.11330864873109353	0.012275103612535133
43.37464203196278	8.411755863477822	0.04894553163709044	0.1223299180385515	0.18017589567382544	0.1428746722924015	0.015478089498343495
29.378276132641098	6.617565770956723	0.045647964679653055	0.08019673569743979	0.1253963025829373	0.09633975822928138	0.010436807141505484
28.713878773694542	5.086617881487125	0.03606402642690409	0.07532689473945806	0.12053235582932642	0.09471658298798047	0.010260963157031218
37.73062021489102	10.211807032375965	0.048696360778155624	0.12096464175161921	0.1574934303469615	0.12322546760441183	0.013349425657144616
31.30853812900884	5.813643054256491	0.03387012986577803	0.0876331807497282	0.12971588645214469	0.10323188140944732	0.011183453819356794
30.99949769373121	5.896764525431007	0.028882539108911132	0.09089262081466379	0.1270095258796952	0.10220612481400645	0.011072330188184033
27.866981651378488	5.898549169130606	0.008335976639375707	0.09775662555551078	0.1087495524648798	0.09182982548142384	0.009948231093820916
27.628322499509668	7.038936091257183	0.03872740117604563	0.08361143893664914	0.1163905151629946	0.09035644008380074	0.009788614342411746
28.371972568846367	6.864695769978262	0.009101886901019235	0.1046778107601987	0.11059143643936933	0.09319068265493707	0.010095657287618184
24.63384033220285	4.641334570505631	0.028824288623113058	0.06788417356314871	0.10268014694887134	0.0811809390296521	0.008794601728212309
47.5516577722804	9.22337253970852	0.03634875021969588	0.1460727421662862	0.19241070907586144	0.15678897590788268	0.016985472390020625
33.582633203721755	8.254587213984829	0.02579515044177278	0.1143682791993232	0.13529481566852875	0.11012561267066207	0.01193027470598839
46.252038683996965	7.863028663198635	0.04246620803278825	0.1299810093027818	0.18965399550652978	0.15282375840480547	0.01655590716052059
36.4503575556546	8.270517314105506	0.01205349722718492	0.13067423582134644	0.1423849824650594	0.11991186013416787	0.012990451514534852
34.03060576226781	9.210784645917192	0.036156983592768324	0.11446571462587647	0.13975435285482138	0.11121127347926114	0.01204788796025329
37.33290944533986	6.624747550677809	0.04854349465082137	0.09686878061037374	0.15719726711559745	0.1231288072137677	0.013338954114824834
45.67226150297439	9.046215714572474	0.027144097331194193	0.14687866258462162	0.18244260212403793	0.1505972004454276	0.016314696714921324
33.97503675986403	7.082383189111403	0.033054037749283983	0.1026705862808813	0.13939032452051167	0.11178928251733593	0.012110505606044725
27.5973974384029	7.0826279287594955	0.04727726737063765	0.07791903862905203	0.11878115829866685	0.09016004837947265	0.009767338574442872
28.56962651301721	7.443705013879014	0.04845671562846139	0.08172341568191606	0.12278173106438117	0.09330202316448863	0.010107719176152935
43.903855456634666	10.170090548701687	0.03839973811957356	0.14225735761399647	0.17848277417849945	0.14414459740454616	0.015615664718825834
36.81761379566927	7.642785522466975	0.05525448258942312	0.09763282821057201	0.15680788261381964	0.12097843528310095	0.01310599715566927
35.0638329268181	7.52906057897983	0.045832045241979556	0.09929473424212619	0.14724120217189055	0.11519013415155036	0.012478931199751289
24.74224094809866	5.018210197002954	0.01936538929686623	0.07711396835345938	0.10017029006061427	0.08150100205200457	0.008829275222300495
35.13625994068234	7.613120679140255	0.04006779375210918	0.10398968127040152	0.1457890907410203	0.11545709535969609	0.01250785199730041
29.754996484792674	7.257193359800963	0.03587624593207787	0.09197530168591063	0.12374295168364965	0.09747619691136525	0.010559921332064568
26.868414765271787	5.666863114283326	0.042282969512472963	0.07047619002435587	0.11498069346263441	0.08823789696539086	0.00955910550458401
28.76476953357411	7.670343270165257	0.02146455337058755	0.10228788446491945	0.11548202544103196	0.09412446990735295	0.01019681757329657
33.78625674944181	7.782142943007705	0.044486417931686166	0.09887438677343016	0.1417816018668101	0.11080745138038885	0.012004140566208792
43.52602433776727	7.282367521956815	0.07013802014823717	0.10072491568368651	0.1874360351810538	0.14358546923203827	0.01555509250013748
46.85278283810637	11.105447989245633	0.062410667786478496	0.13865095281194398	0.1967136420566398	0.15354607984599963	0.016634158649983296
25.527119623846744	5.044165241875119	0.045174417502746235	0.0612996528470698	0.110841875169873	0.0839056630938292	0.009089780168498164
43.393038785115415	7.478300216449514	0.025708206446532496	0.13236211044741408	0.17371746613955577	0.14346936290704196	0.015542514314929546
39.78984526114749	10.805113469427523	0.05606113901121332	0.12454982171935605	0.16746703743643282	0.12989589314855993	0.014072055091093993
45.59788979761853	12.00594767361716	0.057651252778869615	0.14484080699958138	0.1900994427469989	0.14904630779907654	0.016146683344899958
25.650035262994624	5.273273574171879	0.023702798576376603	0.07789926002057071	0.10489176334438259	0.08443403711308377	0.009147020687250741
41.01697968527939	10.416316697320134	0.05260970198904253	0.12728388389342882	0.17136175774054685	0.134198740308821	0.014538196866788942
41.728810346938026	8.853823248514328	0.06730501858237445	0.10866753671226548	0.17903875113000364	0.13700755194018735	0.014842484793520298
36.4213238642861	8.867856739788726	0.04987083052344182	0.10836959001440015	0.15323233765792327	0.11926645938708536	0.01292053310026758
42.71232368601863	8.773305821657294	0.05474884200269556	0.11911764126653744	0.17918351407117727	0.14046426087303002	0.015216961594578252
