-0.33
-0.41
-0.39
-0.48
-0.52
-0.24
-0.63
-0.22
-0.62
-0.31
-0.24
-0.29
-0.38
-0.37
-0.3
-0.52
-0.35
-0.27
-0.61
-0.38
-0.42
-0.35
-0.39
-0.58
-0.41
-0.41
-0.52
-0.57
-0.35
-0.33
-0.36
-0.48
-0.46
-0.46
-0.58
-0.23
-0.52
-0.26
-0.26
-0.5
-0.33
-0.35
-0.49
-0.33
-0.23
-0.36
-0.6
-0.63
-0.42
-0.41
-0.34
-0.55
-0.28
-0.26
-0.32
-0.26
-0.3
-0.33
-0.66
-0.45
-0.5
-0.3
-0.38
-0.61
-0.34
-0.59
-0.37
-0.65
-0.52
-0.34
-0.53
-0.47
-0.45
-0.57
-0.24
-0.61
-0.47
-0.65
-0.34
-0.4
-0.41
-0.28
-0.35
-0.5
-0.56
-0.29
-0.22
-0.32
-0.31
-0.27
-0.56
-0.57
-0.6
-0.25
-0.48
-0.47
-0.65
-0.55
-0.51
-0.34
-0.35
-0.65
-0.47
-0.64
-0.48
-0.57
-0.65
-0.23
-0.53
-0.64
-0.54
-0.33
-0.35
-0.38
-0.27
-0.58
-0.48
-0.25
-0.6
-0.3
-0.58
-0.57
-0.52
-0.65
-0.32
-0.66
-0.57
-0.57
-0.34
-0.26
-0.33
-0.5
-0.53
-0.32
-0.35
-0.23
-0.63
-0.5
-0.66
-0.34
-0.4
-0.28
-0.31
-0.65
-0.65
-0.47
-0.54
-0.5
-0.35
-0.47
-0.56
-0.22
-0.65
-0.52
-0.61
-0.52
-0.27
-0.29
-0.26
-0.38
-0.29
-0.39
-0.25
-0.5
-0.62
-0.53
-0.62
-0.55
-0.34
-0.41
-0.26
-0.4
-0.41
-0.32
-0.66
-0.62
-0.5
-0.57
-0.51
-0.51
-0.59
-0.47
-0.31
-0.47
-0.55
-0.46
-0.49
-0.34
-0.27
-0.62
-0.37
-0.62
-0.5
-0.5
-0.41
-0.55
-0.49
-0.67
-0.38
-0.3
