1352.0432006101175
1283.1593343404704
1306.0094650788806
1267.2016795432125
1256.8865670285322
1357.7874331550806
NaN
1161.0588043772602
1265.1737292258254
NaN
1317.0787172114012
1231.2529893401909
1264.7311291596025
NaN
1320.656528007463
1356.355138199356
NaN
1310.1442478028227
1198.1770222354114
1282.522392469508
1370.590530295855
1293.7434315757384
1272.5970359019548
1211.3520122090486
2116.698102153362
1403.707568043578
1280.819334441727
1234.3518713723872
NaN
2209.6777995144603
1250.3630862038783
1253.1631356177315
NaN
NaN
1355.7533471343095
1290.488827878938
1341.4473827020126
1305.6847547413
1305.6248621249106
1184.6174844390157
1448.7310542745192
2017.61045001496
1391.586564717154
1323.8702363301334
1301.6146924688778
2025.0934606158467
1292.7565961164798
1302.492065936143
1338.898878381339
NaN
1313.8941444654668
1293.5844079959352
1309.5401515842548
1297.2990076453627
NaN
1331.7950584208968
NaN
1329.4448719255527
1282.1505204698014
NaN
1198.550192220535
NaN
1309.1936722929265
1290.9269408689825
NaN
2066.516548421397
1342.855672110454
1249.7119520995989
1266.7463972683447
1391.5745646127789
1307.1991216395818
NaN
2037.1892724991098
2231.173575141609
1235.6375743558165
NaN
NaN
1950.6257865840523
1204.4775030261094
1329.319772302291
1415.3966407700252
1291.9520403116076
1326.7397487049789
NaN
1213.7755147021523
NaN
1328.3219097047731
1361.874596571421
1290.4132649196094
1262.2538879725282
1170.2714277394975
1342.7712837658537
NaN
NaN
1270.2749532421826
1303.278529588185
1333.3354694263312
1237.4707585402714
1258.1062930323676
NaN
1299.8792998175422
1348.910594401205
1214.2787100791259
1329.2403060877698
1209.2768048759376
983.3907861585086
1260.7826465876503
NaN
2180.4751322095403
NaN
2215.706815111155
1385.2718087769738
1287.623300323111
1326.5999970895637
NaN
1201.6127176644734
1275.8817469989215
1265.9866321692507
1153.8474720732622
1343.0936790803255
1856.2102411367678
NaN
1261.7004700557884
1286.7436070717372
1296.5292956713788
1229.6109807189848
1151.2092841586746
NaN
1290.1486706852368
NaN
1287.2580759353532
1282.4956555459719
1327.2299471226727
1301.8582539185907
1343.0123025281096
1149.8389869063294
1343.0987752184037
1259.4966904771754
1283.7009755903507
2169.784214156282
1281.9862480244603
1325.8782044920142
1332.2977805121307
2011.3507486107687
2205.4903833840613
1277.0218828075397
2077.3713219407073
1395.4919797564246
1343.5358783067386
1283.5092305998173
NaN
1158.546862255123
NaN
1291.960797156745
1298.6380749628474
1376.0047701498704
NaN
1385.5564904562937
NaN
1279.2313763859631
1268.0964967408609
1328.7546560669819
1226.12735062719
1296.5449814337992
NaN
1180.9970631374508
1248.319664443587
1402.516215521803
1128.9183113046001
1373.574251389155
1269.9431676621018
1311.7700979233316
1288.5698726452213
2153.776275771426
1235.1434705803492
1362.332891121025
2022.7452507528776
2343.128330963179
1256.038829377608
1262.594945737036
1205.3233112614596
1127.2727928949803
1310.2068583805099
1302.702426680433
1247.6233275459335
1347.316025335678
1266.7914989536512
1209.6081231944763
1329.1460549213405
2083.7535554929486
2177.9573140590323
1293.571230600382
1348.378962367802
1217.6987648134896
1255.1574222361342
1321.7806036957536
NaN
NaN
1349.8589354368494
NaN
1159.9896603098514
1352.27691686423
1301.0699999679723
1311.7386910774783
1216.570358327204
1324.8038124807151
1297.5205760407473
2185.165679059456
1290.3524874323525
1378.3736661005264
1201.349359155995
1104.3364118864652
1321.493825482698
1282.0830797467138
1286.9078295662782
NaN
1409.9760671888425
1397.1770208680819
1394.3835251886019
1269.6615447272768
2052.197086261216
1041.7152011249002
2118.674738628312
1223.199535623067
1269.1639794763457
1390.1484590914515
1337.4390135240042
NaN
1373.6052316644732
1398.0775581089688
NaN
1300.3526441104082
1223.3143064623312
1976.9944440869792
1262.582987471013
1320.0945085971987
1245.857225241164
1311.456254874464
1290.5737991210797
2300.603890137341
1259.8509723030356
1267.2545618057627
NaN
1858.8011016140488
1178.2422904052428
1283.2318307139603
1359.7812804746954
1221.961222769913
1242.4371073673824
1254.6942094289561
1230.9245470676483
1362.48981788097
1314.8321277603281
1269.3464628377028
2124.1853369913842
2023.9967462305885
1236.1388944589462
1273.2913853634495
NaN
1239.5917758245853
NaN
2032.9467802227216
NaN
1072.4402244706312
2294.6257559691694
1116.00151850528
NaN
1398.228410500773
1265.8287213772933
1406.0687547555606
1243.4357791849304
NaN
NaN
1363.6714923303302
1205.3763985658366
1290.8545930974262
1301.7949582816436
1258.3973114760897
1350.7341700181694
1301.1073768708156
1239.0607909673247
NaN
2216.790331898753
1316.411324964173
1378.5846734031602
NaN
1359.9204000809752
NaN
2018.9346879746865
1380.3302103362355
NaN
1274.6011018796476
1188.1006467060104
NaN
1223.5799216795042
1224.0309024796366
NaN
2083.222325946479
1313.1222678249314
1352.2567064031127
1355.3338259163027
1294.6765705983335
1316.3113335484534
1314.7969675016075
1375.3513342979677
NaN
NaN
NaN
1246.1920508083092
1263.5365963167717
1300.5331240977039
1224.6699396755841
1301.97363126301
1256.3916306727888
1192.6456163643768
1465.0631485796532
1944.9564256211881
1284.3975667526672
2135.694593435742
1266.6407531344344
1197.1249749537333
1276.0551522614464
NaN
1226.54401226544
NaN
1267.2596166914577
NaN
1450.7684056595417
1267.6692120397383
1311.9725749623765
1354.144642018798
1322.5975323405867
1242.6488935648342
1266.6002938342208
1322.1940518608733
2275.479502354226
1272.892241636216
1144.7958040911985
2137.7848865939673
NaN
1169.980911749058
1297.9599293250049
1255.9584007459493
2158.325139691598
1220.239198318399
NaN
1299.524770130709
NaN
1338.7340069098113
1324.292164626764
1295.313338304777
1334.7453419829199
1291.1846519860085
1371.0001062411188
1289.3357429034766
NaN
1282.8894951191003
1261.161020249202
NaN
1271.3456649689238
1366.3273186737247
1246.590584863356
NaN
1294.8121372051437
1291.6458413465043
1335.8077214887874
1220.4360276795085
1311.0172927972003
1294.0361513262026
1364.1348569748764
1298.0740538583586
1416.9590400856218
1265.1634467742654
NaN
1366.541037204649
1347.7605698269194
1230.1830757542102
971.7324502542921
NaN
1275.966484211006
1292.2509118209105
1332.8997989402578
1223.1500041513002
1201.207344421945
NaN
1271.5518265620212
1311.7785651222462
NaN
1460.009752201504
1355.3192672400917
NaN
2295.540619278218
1924.378708673968
1216.2846386803913
2139.319199433932
NaN
1246.3971332865974
NaN
1278.9773939190013
1192.5225906465569
2019.5980322190856
1202.954353824139
NaN
2111.72872907048
1288.8356073289035
1259.6533656799415
2055.9986589232044
NaN
1286.780643523707
NaN
1180.317249022249
2248.839594918268
1360.334760841214
1250.4859032145891
NaN
2086.367131028581
NaN
1144.652112412231
1282.2993372257558
1242.3959157973604
1197.2503614083496
NaN
2122.13419099641
1190.3593127590232
1197.37404800247
NaN
1298.9293368048238
1339.3294770603475
1290.8790787227692
1454.046149126887
1980.975180478491
1180.7047937067077
NaN
1236.8428653856222
1350.3943725622166
1323.6937435001807
2055.4081430066844
1313.305120603092
1248.9315887458954
1210.23451409295
1234.224824767581
1386.4964545002983
2159.7426512363713
1200.1327281925326
1299.037706889153
1258.1816641549485
1291.282953602427
1295.5357103359102
NaN
2196.1928061732397
1285.2655192074567
1370.3304799373143
1307.1882869744265
1195.8009493950906
1147.043074065254
2144.112104799299
1263.0150513139358
1236.2433602309748
1295.8634951640504
1446.9904688345564
1355.472272988147
1379.46221540127
1354.382682253227
1246.8967297457584
1289.9021337318381
2273.9647659160764
1981.4996402322279
1253.3666938787314
1276.9457212820835
1315.8330932022957
1354.886611121133
1290.2826285815504
1308.9670636489789
1364.2219326471704
NaN
1238.9792565928028
NaN
1300.3511619806347
NaN
1272.5192355831089
NaN
NaN
1296.5830919390612
1299.025546834142
1307.889567632581
1250.0665873537303
1237.105450507306
1288.407357912433
1240.1115170893245
NaN
1270.2839232275842
1327.7218977853295
NaN
1277.2174526091055
1399.1455218420185
1272.9792216612304
1255.3663724970595
1250.694063471765
1327.7019362966864
NaN
