6101.967623375834
5509.62666464247
6195.187332080946
4186.170415191994
5221.9082610487885
5968.97302193068
3060.5245326595495
3453.713946748275
5463.911536275887
2693.33447569409
5137.168658939387
4457.631591649066
3528.722485499459
3482.6134240295114
4570.564569314063
5875.1462009190445
3506.205441677971
4992.956589149648
4987.061222041842
4637.272640652156
6179.450396872855
4841.342933739987
5521.708558233022
4765.577547797942
5870.36466875972
6586.778495136857
4142.996226016415
4723.432231437768
3825.335115898139
6113.609659883044
5127.304351162792
3938.0445640414237
3752.392440485262
3014.1568617220228
5056.590648288277
4255.011953514598
3776.764942690529
5671.875845207818
5793.018777793978
5136.242933339738
6538.643656453124
5378.39818763943
6168.002906671355
5869.824569168484
4990.043468214998
5699.507508543832
5004.067822875367
4468.371101113908
5812.398625658349
4976.977397814987
3717.361565455299
4095.563139931743
4953.298240316033
5698.137599339018
5282.645413348715
5443.169066584323
2655.6157548851284
4573.431194191182
3982.7093196742244
3413.805853006844
5525.53279636038
5720.081986650122
5074.7995994378825
4068.5899455421013
4821.22166159133
5463.8083955538
3855.2595325574935
3287.6919282818308
4984.305493893382
6357.44863755201
6172.022368074068
3308.887553216359
5894.973651904203
6133.5695594009785
4971.273429668473
3061.218289543325
3309.0608273262483
5109.092646589235
4993.247840339771
4639.250175215344
6289.3210458256135
4533.753198484717
4653.701330660743
3191.0016224699207
5115.971624531561
3488.99838851887
4655.412312523356
6224.353717573065
5011.4714197401545
5274.89027164749
5974.060684028246
5519.562711531362
5406.471557354294
3887.0249927854443
5496.719660769946
4270.499519604993
5296.133646523114
3912.006126233141
4403.352725528558
3755.522774022955
4067.279060999415
5928.713761699594
4476.748035416107
5065.760180814057
4531.107183592156
4096.328761622274
4330.5808310901275
5559.8837706297745
6478.145752096467
3505.1036654090963
6199.430319319028
6257.42703467811
4096.9198895274085
5605.056827008204
5615.961485474929
4727.270209758741
5204.773284147227
4793.221975105596
4366.030569996575
4805.603710836927
5172.796862014551
3422.442992095078
3942.500326333496
5819.43116984482
3739.9974585519735
4825.872201220463
5559.409438058092
3804.815518559733
4932.805639819897
4182.100431240901
4026.8920887300433
6137.783652716523
3929.749777717234
5497.721105928676
5754.552635846677
5673.056611963781
4619.183027288155
4534.375941125236
4245.379644459898
5996.213050764528
4222.3934637349175
6370.788510620195
5599.5035046682815
5954.858652632932
5849.670718379222
5091.837447852806
5794.725058486804
5246.651883820809
5200.059607780052
4243.116128056167
3911.0165514220444
3307.240632944258
4407.404498900487
4413.790483514614
6013.606139657748
5989.005850650194
3972.1393729894394
5778.897187904811
3463.5037266313716
4024.0924496386965
5326.47907569197
5119.128054624987
5301.723296083422
4682.949218315411
3323.562173397955
5150.82684395613
5566.403214750482
4997.057781184332
3740.522140943651
6146.332477299384
5001.27911746719
5142.974810328747
4901.280425518418
6066.745925025361
4387.011692754658
5787.275758297699
5783.306478852861
6506.3397750122585
5390.525362224752
3959.198412497956
5373.547240317556
3670.686302519539
5215.855955332533
4530.971386950933
4986.769286387297
5244.4311290746955
4704.577858640076
5406.389850314017
5788.201263672868
6216.453083846575
6092.688063510176
4920.252598784834
5940.319250611501
5470.3663294658945
4050.064608306523
3550.186637037013
3386.165279237026
4004.3028789981677
6001.366129162487
3797.6126586129612
3442.8989653533267
4548.115389901023
5760.955647441761
4556.54517641394
5108.57106000098
5977.618112238486
5469.302426422941
5897.487354110607
5713.049510415846
5719.65476163859
5518.5626422949135
4676.225911591274
3561.9174258539015
4748.669747301251
5118.536640095132
4321.397396641797
5788.969053684465
6014.957696050649
6276.873981233926
5085.244251842646
6070.242588133914
4363.506765070851
6227.146306714025
4799.4191550961805
4936.11714346497
6459.668266672384
4744.883434030316
4249.6876366763545
5485.382230502393
6108.564603242126
5030.713642756621
6060.469157446031
4263.9304740552625
5514.213407574213
5144.05424098943
5118.504518174437
5648.520311170837
6059.671165746796
5675.525163080167
6283.709333600482
5153.148268525691
6129.030544946554
4355.580753943649
5849.794317053391
4846.837376215954
4257.29170998648
5706.75701025043
4961.00057146389
5432.947625634572
5609.153489370841
5822.840421362114
5923.885948882005
5728.069120341565
4510.993122336161
5823.164944622174
5610.769483585853
6197.417589648318
3398.8299104909133
2705.7873699514835
4915.036610885348
3837.937236666533
6092.515189315394
3358.292982919271
3721.1612011844195
6252.586260037611
4323.322956887287
2951.199983575929
6517.541256515375
4069.219415026209
5994.266926443213
5567.178787252952
3836.9810019559654
4387.715097267134
5976.992230631732
3555.5358961450916
5441.85423459122
5581.830264700573
4593.710102043725
5767.961916008103
4478.153858616187
4217.093942624932
4193.867265958319
6180.602824621067
4814.533380316968
6007.093917144739
3479.8558950280362
6050.106206148249
4002.6433838110843
5807.79812234238
4824.956454119854
4227.688268403698
4486.435910377538
5487.679269398703
4501.598861995808
4728.010549572007
5756.677876907023
4579.518787117092
5900.942423389773
5449.398564520202
4792.890119149457
5642.767559151128
4750.8779884279
5021.036428464228
5262.82519125881
5940.353848600753
3516.633730721216
3168.256324609688
2817.302586035837
5555.958701718855
3643.0496607713003
4387.597343973213
4468.552185883577
4440.028977647306
4295.042946762355
4489.8512724739585
6424.285238799966
5378.862281650627
4394.366749742604
5954.319207331255
4768.423042214987
4788.782143742386
5285.6354701659075
3795.3757024085253
4922.428090868023
3843.720633716967
5437.058823029683
3733.953480773932
6487.949317920933
5451.950182365539
3989.1652671678457
6083.992489173001
4257.21020816569
5280.512115136967
4560.365732210989
6021.652974534051
6069.598796157156
4704.677955384598
3040.3890694037163
5861.910768195746
3908.6232257915904
3071.2727817850673
4342.1414946248415
4678.407683930194
6114.06790690264
5007.552870456651
4466.706640323347
5365.057538483967
5219.590734536379
4659.1144784841945
5584.048085859241
4501.181425088644
5046.197153094055
4527.552461477647
5663.210056333714
5430.283156422152
3349.7646266949046
5448.062858870547
4289.047278693592
3527.472596050986
5002.412938085915
5932.931946141176
2849.023066859579
2786.362856006479
3922.927082573529
4795.3231246636315
4729.896212927445
4507.60638124901
4956.7067111895485
5103.008478648589
5541.1844507276755
5458.083765387616
6245.081806745019
4978.098214569746
2939.4947596510224
5747.3709197434755
4769.48466030316
4297.397767092867
4967.5931316882225
2966.9262501013873
5778.100995479721
5239.278703430629
4608.6690111524595
5363.5832507925425
5148.407319860897
4631.408029771785
5085.312380497226
4251.9863154072455
3612.9138679509174
6267.764776821069
6091.288408904593
4972.620710267485
6458.084356050423
5362.440177032536
5190.890128480887
6029.486501437135
3318.2670638328486
5307.025919441225
3814.3987726729038
5627.067098064187
4540.4888558695575
5677.710368512762
4774.30901810606
2971.2690033886365
5736.783505486719
5042.757896656572
4975.955807006236
5705.445724287495
5034.774337615837
4773.92898840108
5436.315609158682
3735.177229390482
6219.575321742874
5797.7137007004985
4568.509238512898
3970.121139880563
5542.697046333369
3234.6768019486653
4851.756687281885
5451.396466523063
5489.284663177419
4535.804987662923
3730.5116333476135
5971.839671271945
3475.05868584174
4437.651536763738
2715.0163426474855
6165.928427140671
5908.488276094722
5543.141414690377
6566.4154117351345
5433.04069488516
4765.790872518055
4518.434861576902
3807.074576340368
6088.552179653252
4346.668273877587
5887.176247745891
5681.895440912398
5715.535131582425
3430.903239127293
5023.497224481024
6235.935582012646
6172.98149716021
5623.440698052886
5107.982077953945
4554.433321308056
4167.163793072576
4005.838363087549
3005.507887153019
6058.650038793429
4489.739165331007
6539.00254946793
5591.894697452595
4261.049056319054
3792.871411919553
5934.817178463941
4513.824517826198
3927.588273900796
5102.761719990202
6247.069389506983
5635.825132204865
5943.074229723133
5128.031100000379
4358.274717228681
4313.769286399418
6255.985285069524
5708.0909559666015
4160.0190459916175
5583.54284517811
4514.174538224981
6053.085560364392
4547.960057995586
5454.365708402807
7107.027685497598
3729.7401820463174
4227.879250474511
4985.823367736066
4395.559400271066
3777.8233244517296
4396.772828361245
3255.5515555445395
3636.9370738852303
4274.06315601531
4879.790416464692
4335.781593967766
5101.214461314451
4100.005293248212
4237.52448314039
4546.862465342172
2990.5993163441735
5117.713663017343
4982.07340001545
3292.122705737756
4093.0796420615975
4873.900505385992
3748.7647573495256
4003.811312798444
5186.439969048668
5008.24010321606
3802.7271405913402
