5452.690260633315
5437.108082890366
5400.79802616294
5445.5577291918835
5523.962056439198
5595.078232607673
5567.812351073649
5455.759160967596
5379.974552406068
5384.386555813969
5473.071938479629
5492.182852129532
5394.588303455811
5389.181098340423
5489.842758783676
5579.156173550583
5456.359589101905
5471.849406055294
5512.470425068262
5591.691314612633
5525.129192642221
5578.638578581333
5459.879604811269
5596.944232422075
5466.692593778879
5483.382362390533
5521.799535765829
5374.614655009427
5495.158117579962
5590.846805381403
5603.770111460301
5360.175908622679
5502.149302030453
5594.924738864535
5377.704268128569
5570.017762292533
5485.152535318507
5600.694243243559
5496.639558481542
5350.747712518762
5502.149302030454
5523.962056439198
5462.075269687764
5437.953387650628
5490.1664919554005
5425.515688908205
5416.126218803114
5610.228237206273
5591.349413646542
5430.494291993491
5363.903765337401
5506.463655785628
5454.698618003721
5525.443805373163
5440.400726755271
5520.620057123338
5591.691314612634
5595.763080549761
5489.673569842637
5608.378896163144
5419.410796522877
5490.137413656584
5607.161764886585
5424.0238875761725
5433.294471585084
5521.772580285644
5336.252187391411
5529.460595377649
5495.4969692860495
5596.973355764114
5517.111061342171
5543.850102296049
5499.308601920669
5510.443673927895
5421.39702001436
5476.368542290506
5453.09360335492
5414.781930001531
5448.049379603793
5596.266206163909
5571.0293892017735
5345.885909396969
5543.189549031355
5487.85707894147
5606.985778625249
5570.523529818389
5481.524733625935
5495.651842478222
5434.125835307515
5479.302163919758
5353.984065758633
5564.265597530426
5493.986964186736
5450.082046122984
5569.845534539456
5604.098182869801
5582.2015644750145
5511.974163776842
5523.293394419217
5453.233220327168
5599.847579148709
5499.294227674683
5386.832447016736
5471.2342935244715
5395.900775520399
5529.460595377649
5475.386586303008
5514.272382198135
5398.826512266616
5504.779574808383
5406.753086928991
5443.941761545187
5446.058546886172
5485.843043759402
5497.9810618218135
5570.168200549859
5609.8919026696985
5537.837793102414
5490.321095230504
5616.763415461851
5494.466083981863
5586.620493466515
5422.071213166297
5459.0271397295255
5490.461333522913
5452.396449846834
5374.611294582507
5345.413222306545
5385.362197069102
5474.023975248295
5478.19401283648
5491.829602478454
5567.629228939925
5468.0231343790665
5474.038549967361
5386.673335688426
5567.318152048054
5495.637365559754
5572.547518747378
5514.769118742788
5483.323561695146
5450.068407148928
5536.837009187516
5575.079574144851
5424.710629830395
5426.854491851228
5601.029965961574
5385.337744822506
5446.366162535206
5512.401349895954
5397.726468905289
5509.125805808224
5488.0798352744
5435.840797100308
5566.629660083045
5582.201564475013
5495.158117579966
5568.317780662524
5595.937919593733
5420.923789295345
5425.006522722686
5421.562604358758
5502.304626703528
5504.454177130792
5327.8946746298425
5426.522716189933
5462.200383992691
5566.457563698325
5571.029389201776
5511.776106898412
5456.247721830942
5499.647782763912
5452.08938121256
5579.511724723784
5391.184013082927
5570.340416979515
5564.7816993357865
5594.910554645774
5513.789587564094
5490.490293698722
5572.030632788866
5567.823445036988
5592.361620452318
5563.93286415021
5397.900861374657
5428.6677436443
5450.597517631961
5424.568998922285
5537.679420254978
5505.317498486286
5401.969008990922
5422.733835293726
5422.402503986762
5459.544169558783
5455.870843169535
5600.694243243555
5434.15107857559
5483.675914930321
5368.446635760248
5447.4349394847195
5465.712899765656
5422.875859525827
5335.316523968001
5399.6283150608515
5413.141637835824
5432.654525340981
5586.098851174314
5476.859652374113
5370.72366062849
5574.745358262319
5489.997298251683
5461.305867545269
5390.037161806819
5438.926971642695
5434.279635342743
5476.705715578416
5416.566152598864
5425.385944154019
5386.346533932932
5608.186278273184
5410.336559257422
5471.527195627477
5469.748870155002
5471.234293524474
5446.43262081083
5435.252648706278
5599.511967535078
5443.10746654097
5381.457147143721
5465.544863583433
5493.633801874669
5489.872320069297
5473.071938479625
5575.596790915802
5505.812714596614
5444.09531103885
5460.900377179766
5437.915112116848
5523.293394419217
5617.100161971969
5511.946170956006
5447.201008202228
5431.9525342845745
5468.220124061017
5495.792383678286
5451.58740882907
5405.722761862667
5481.00371410934
5467.364962340936
5541.514538266739
5425.018330628348
5565.275354466736
5577.979746378034
5583.061812653497
5442.580704981538
5479.499664455219
5475.8775202746965
5481.64980153112
5455.731076103793
5600.015400042352
5438.965798198524
5490.335696088046
5470.714670147407
5521.799535765838
5453.581881793608
5416.787447739608
5455.563563098298
5449.078932767462
5373.967285443857
5528.488902419566
5439.913672079645
5395.070781615497
5459.236986330579
5474.009491226131
5470.195326448186
5537.705016502026
5481.018326019595
5447.421373583776
5564.0935848682075
5481.8041678510735
5406.371066588799
5360.344830955526
5608.5305640337365
5568.66212039294
5446.392476529121
5433.306970292568
5485.82842128183
5487.982253812744
5458.356579953117
5399.99628750255
5486.181081350289
5502.644055137372
5533.98193628522
5591.516969817165
5440.606115111845
5581.703944205877
5431.158796174347
5520.960888736678
5503.959083213081
5490.828721922826
5515.307386775453
5421.39702001436
5435.09873403373
5590.846805381402
5446.726447124937
5452.550087045395
5332.887701476953
5425.847311761352
5513.789587564093
5464.522655327033
5606.305670403137
5492.477606208169
5487.210286359803
5479.499664455217
5513.109061835122
5539.01001212633
5529.132211728802
5584.239069825446
5610.236428621664
5476.353924929216
5432.629563738105
5405.7970988825355
5488.011461092321
5458.678006960174
5483.338125358131
5609.043039414232
5604.602118321776
5479.176824822995
5349.133513257109
5512.470425068262
5536.99533385347
5541.68569945213
5569.178709847208
5596.798237883051
5389.190262211269
5507.950282042591
5497.007621889218
5616.931783669752
5497.501557339114
5593.387820286592
5425.172283127313
5530.459053412203
5475.862860194201
5517.649525799182
5479.330976228625
5596.776488484162
5499.308601920667
5345.252050829063
5485.519729244035
5437.6203429796715
5570.34041697951
5386.563323132507
5391.656446434023
5481.00371410934
5451.8945108094795
5477.504914348936
5328.245718067048
5507.483056647544
5592.710487366594
5512.782709334868
5360.982718365749
5576.275967739083
5414.496460616806
5424.581205379125
5462.396683646816
5519.795282366744
5577.79677027573
5393.017055734472
5422.059418086329
5502.304626703529
5504.454177130795
5574.928400525783
5495.467956269813
5492.7873251717665
5582.709452889578
5507.001985093795
5392.649506145156
5596.769422260139
5496.315107180295
5517.935202886917
5491.984299435565
5415.740078761349
5520.279267589265
5617.436948862994
5522.29739885625
5419.268494846877
5603.578913918617
5504.808014188066
5461.151856790805
5367.636958431406
5427.530384629577
5576.26546697662
5476.551847904805
5595.245920620397
5585.931482440757
5481.201837046899
5594.065286729855
5530.143561021666
5466.160143173733
5398.826512266623
5401.002905260439
5443.441153854999
5338.882482229908
5494.6067775797355
5432.322069889946
5583.898201347867
5499.647782763911
5604.770116946462
5362.121970401084
5541.698098136419
5455.3821847868
5481.157953186435
5487.489572041138
5429.676223809065
5401.629974515962
5515.307386775449
5401.629974515954
5542.186891972658
5432.6671401119265
5492.801711043172
5496.470102626854
5440.926454629631
5462.871828416045
5487.518865143923
5414.793043198352
5424.4032012268635
5390.037161806819
5568.328829755601
5466.721333880003
5344.5909203490955
5507.9786012810355
5475.0348442228205
5481.678880863985
5477.196855899073
5359.04139487116
5570.684881787928
5399.205028018391
5386.9958576779545
5487.166033070456
5460.579064134365
5570.351286426724
5518.289439971863
5491.969811428099
5481.04782263124
5493.958058393129
5578.638578581333
5565.275354466736
5474.3319487715835
5458.705761719231
5583.402655130426
5392.948610962365
5579.156173550583
5462.0752696877635
5403.327044158412
5397.069591425723
5565.963636364452
5476.339398342403
5441.632856728395
5530.945573577565
5462.564571422931
5481.201837046892
5389.934444597168
5453.707881565861
5460.718373300661
5435.520951889479
5584.921023026418
5396.3833710642275
5496.131222260465
5537.4957401195215
5617.1001619719655
5608.186278273196
5581.186064827117
5451.252811921887
5470.531860658804
5409.53359404887
5564.942469097431
5575.262560021184
5529.132211728797
5604.434129768039
5445.724658188551
5582.709452889574
5489.673569842637
5463.711366118278
5486.504473832353
5451.252811921879
5588.294587887861
5588.977532037419
5516.287227292728
5542.516983009552
5616.248804785251
5415.145999596375
5486.842562597074
5529.972803794431
5478.685374753499
5542.0280535448865
5512.456426101905
5384.721604011866
5499.8319030711855
5402.143749258975
5533.140387373379
