5757.154067348315
3752.089988056156
6244.028851765189
6040.994359341649
4061.702908433138
4434.182024976646
4394.670814422359
3185.695035917258
4359.5155152868165
3433.9838167045896
4230.667950037356
5789.197124729886
5920.076773369821
4511.359841520945
4352.335157993715
4256.984928788865
4597.834109384312
3151.0589718145393
4686.742798116683
5882.000048204828
6150.967386405957
4382.629736262619
5311.990837110547
4314.479598839197
4441.138351397925
4974.952797728096
3225.0982673346925
4430.324922343416
3842.7731921708905
4612.011830562216
3976.5264804567437
6059.406762891176
5131.600242949346
5634.941352149851
4778.651279834314
5335.577578198194
5430.873988592733
4744.861949770907
4451.979965018823
3704.922211453243
5806.557074921796
5877.242682622561
4775.406459132443
3269.8085502425656
3978.7437360962044
4278.739939612715
5747.884947754863
5179.079844994225
4326.993759349545
4975.706673937836
5889.817034256091
5566.827259363505
3843.86829500393
5776.19773538656
5878.790249267817
5148.26291044941
5470.0955600252055
5222.844067093958
3787.410299413429
4489.175445698706
5635.847059745637
5600.973629893444
4432.686988467924
4187.576791120953
5115.23744665345
4820.542142593434
5913.7052639537
3860.9565151889406
5201.5454563393005
5400.567436313944
6065.113960734456
5732.990486643858
6017.157788680841
4346.45460280164
4180.829225668619
5852.068935555087
5530.27543573045
5126.4353136910995
4994.878903281762
3889.5357850057767
5941.924190022108
2834.4160218382913
3376.4457482474227
4312.245078067266
3160.731634864906
3269.3908301582146
3202.5782734877243
5340.384190899439
5028.94607284843
3301.2722519733484
3803.2559667599994
3856.6587116882556
3615.9063721310035
4709.93268676208
2944.265257813446
4691.005711487594
5653.533433462236
6280.081557206879
2863.791709316709
4656.029483862729
5815.678166681846
3217.5368165352825
4078.5968622831438
5900.161464035883
3086.8108951308564
5679.00229547334
5965.2597953236755
6313.796126681233
5343.559381447034
6186.575967431629
4557.170859113217
3908.986462844122
3299.2986587115006
6096.548545268824
5465.034855738894
6196.170711931481
3008.883033488566
3125.0854603063544
5374.0815589509275
4065.4320901715732
4993.238028204447
3001.561088031476
4027.4722152118848
5013.968971468159
4750.927005697132
4567.578400079254
3753.2628940638406
5726.333279581612
4111.730002619654
4983.557113716619
5087.9844454571
6409.395766322792
4278.456652643553
4280.778766203934
5478.0901081057955
5272.540936337362
4914.853336812837
4695.467147482497
5720.444778882668
6241.591077215939
3510.1022476508074
4437.156606040222
5991.710437892953
6404.957804505739
4681.22588319254
4883.514679587822
5892.930186558857
3552.233915768732
3856.5352806693954
4731.760567538275
3034.558146558825
4055.24066862087
5262.9956264845905
5366.0827176207085
5855.109873318366
4697.4484923018035
6107.1473226762
5329.541450551615
5731.084551273486
3741.2011727537442
3378.866251666766
2784.9829079962674
3909.065586648346
4840.5038371142355
6205.893565516807
3766.510337423456
5248.173049195021
5476.9674828299685
3681.322011466621
5670.878082535266
5077.989898338314
4797.406766735077
4431.635169554201
2901.0953231871554
5988.030114926208
4281.594576190167
5693.425489955349
5294.3422108030845
4247.692442976644
5943.179656833714
4388.928887264992
4199.562928127182
3784.1634640361285
3928.875897709697
5215.032076734049
4961.39204753513
5733.3390666724
4037.7816955981043
5097.788073044005
3224.774915492692
5513.29685765033
3264.5362926865723
5294.776128325327
3759.658680985329
5949.8552336444345
5996.033589712035
6517.370779706173
5825.814196496853
3467.0595356795584
4268.601999041637
4279.401345255743
5673.303504684346
4551.274795709483
3849.031033097911
4478.494526795762
5915.200972804095
5769.266894254165
2934.63304195018
5860.307776430452
6055.468573821207
5469.588909226346
5811.288462183464
3034.533806987189
4810.6662594286545
4995.797620990428
4775.2982198226955
4255.493751243701
5390.071574010598
2992.4297220154735
5800.962207624966
3909.467507797074
4790.157678470168
4768.850178303078
6241.323455955785
4011.0375503216883
3264.6871429248436
5146.704515568565
3974.3413321805924
3693.565032790574
4592.834262095924
3430.4699051566686
6073.749153205197
4785.476889340813
4398.482670345448
5368.513263975825
5662.739874331816
3588.408066084984
6220.7620135388415
5370.808757822676
4968.0770864789965
4948.418694495832
6141.889512758558
4651.800837221494
4140.78279389788
3413.814448131502
5527.898070741981
4361.242208877944
3806.251763759807
3839.639814873907
3916.1314828907425
5106.965243197425
5575.943065799084
6093.828336855753
3301.8623078923324
4351.419255640856
3876.505114129619
5871.541318128003
2919.699759339781
5446.640318983372
5893.732678638255
5623.862680427726
3890.8180861899546
6016.356113587775
4285.887612051535
4512.966716441191
3005.114266235304
3286.643635108906
4157.224044371676
4849.654332390207
5434.3678737263235
5613.288634693299
5027.809157096105
6103.934043293311
5514.151982124188
5042.929610246247
4734.766098772127
6262.42080150363
4909.533620886126
5002.4133366558435
4814.545429534825
3404.6609808828275
4315.557768840939
4956.567238773255
5569.294771206966
2987.653857748612
5179.434476206648
3494.6986706950925
4256.829170225948
5002.367787419375
6059.450404061193
3844.923856095254
3621.50661711342
5617.160288783192
3156.453553635835
5005.716784235927
4284.308610390707
6306.797538898739
5510.647390133232
5541.751919285503
6276.360715003018
4309.388489205006
5957.113857313024
5023.489116018342
6226.113149878194
5835.45391669205
3124.900529492295
4703.97395592053
3038.558653221006
3323.390539628195
4852.268049153326
5676.8943436117925
5898.563970582592
5875.9835544228345
4981.901555182534
5947.912324523864
4067.933108965036
4864.796399130778
5293.11175494828
4451.960826909462
5575.316076456032
6339.083520396831
4407.535765943591
4923.76681727001
4496.826619941268
4840.048421717979
6098.666461029185
5043.57469136571
6154.319537347478
4436.855589224282
3517.210106649501
3960.05077526241
4695.926189302609
4419.119711353498
4934.523188365756
6501.489808856775
4365.937370701814
4853.650123005067
6245.404179463511
4925.921320356236
3829.6325662084505
5406.690201393218
2838.145385143796
3121.130066808179
6140.805566342503
5473.716036374839
4809.572382896699
3440.5787346246857
3509.608445087878
5414.707478670612
5259.915891604997
3516.3775567633184
6204.264552942665
5466.210729112835
6281.926407265728
4823.2271683984645
5347.606676128015
4560.458851638071
4151.063439471542
5464.57311951489
3985.0335234540635
3815.5742737549617
3970.191662901313
3692.069328893703
4172.925142089064
4364.748041844984
5933.621319995875
4579.54160009794
5494.8779594806165
3670.3055072000275
5810.234522518504
6168.9407983081155
5038.900100719747
5638.242083988401
6307.118939215939
5828.984053824019
5529.499338282808
2930.196797017432
4750.530099613899
6189.259974097951
5175.569681633013
4542.892319770342
5949.688018305296
3828.1489259307873
4666.818592353264
2712.6995610310864
3729.360207883608
3252.725023133498
3989.424036878235
4706.625839066129
4546.780878028373
5051.767992503176
4506.039833640738
4147.556168072407
4862.15073347975
6467.980830521807
2689.7429008891454
3478.5813657889953
4134.950100562952
6308.138746059505
4806.279260062107
2761.8604969841435
3892.7197298506744
4425.336866968104
4193.39679043861
4894.083816774092
6132.741268270056
4458.920743501252
3987.2361767172515
2893.6018595859045
6455.769452113689
5693.7293179730705
3300.3629592194484
5351.101437785889
3480.936117061495
3991.6922731039735
5572.837719302682
4548.484088551081
5251.19248652603
5533.7734196808
6096.526001751226
4963.258267846004
4131.908410980847
4339.950726077562
2764.5150416371634
4001.1670696889546
3850.521234229889
4448.244233518589
4656.35856729041
5882.991051703204
6130.849572900124
3318.2248203216523
4738.867996272972
4424.663810938619
5501.798489033125
5322.718373441651
3121.1222789237518
4191.135891599611
3064.0906450264974
4516.931469180987
5059.808225881656
3286.868442293242
4170.809214985406
5856.61906915169
4292.780932404551
3202.2281554461033
4547.213306512322
6009.793504861032
5455.227618100749
3967.474277899515
5076.235255863188
5164.569851307048
4893.894635012972
4980.601355108768
4335.371145930114
3899.8450815357933
4093.3930733964835
3958.5121021611217
4474.107951585214
4200.076180692105
5022.940634037476
4833.275965279622
3965.154290105876
6044.926512068815
5027.307045046851
6200.747166822253
3504.836934523807
5577.643959616114
4753.4780315597045
6129.011869214543
4517.366560454021
4999.724047488866
5822.183410173554
5496.769124337517
5192.244821925678
5767.928613278032
4244.725540615018
4381.065752609029
3775.4114308467165
5435.437887944451
5135.250508247814
5750.024084746801
5426.024371934737
4144.619156169197
5972.240582520226
3456.3739852400013
5637.465216285528
3741.5347775657597
3581.022666008265
4653.4802391606745
6420.762535508657
3847.866395540778
3236.351153309175
3076.12282375724
4268.060769961007
3337.8138688813456
4331.37234460961
4793.727094906147
5684.616257959511
5118.360856493294
4572.474172887688
