1344.3013020800577
1303.8690184907807
1313.0943625290806
1323.853791340742
1244.7465801414835
1264.0447511304765
1251.7243980851426
1159.9598219944985
1285.4082270332215
1180.4531007691614
1316.6197981049954
1314.078685243277
2150.893459504313
1174.2205815212205
1229.7018500739862
NaN
1030.24505278443
1246.528917801434
1300.3735722702809
1354.297960132345
2225.8230452892744
1243.4214543910812
1234.1216100303548
1291.4275218669732
1280.864329748961
1215.628251681288
NaN
NaN
1176.5053164473422
1192.6092161172473
1296.9241736405868
1376.2631415126596
NaN
1305.7709674132277
1251.250633646155
1301.4995876700639
1255.653841654127
1128.3229046577746
1309.7733852450835
1244.610328524308
1291.3556230662095
NaN
1251.9531621686447
1147.8272347837544
1290.0306357554146
1258.310160470367
1235.0760191666018
1318.3124142405845
1219.6090758408347
1178.6068508316744
1379.246244114558
1167.8286561795671
NaN
1182.0872730579483
1321.6014437234205
NaN
1302.7079259138916
NaN
1136.1171533272973
1316.2343333717984
1275.9233268228543
1296.1055773461985
1227.829631832066
1284.4820975207313
1292.3405925535474
1146.8902824683464
1362.5052966763276
NaN
1272.57545151643
1315.307416620873
1370.6512709393323
1318.9545790146115
1359.4256033902
1264.6305003789578
NaN
1287.2701021623582
1327.5051368677039
1281.0391389561005
1284.9393822011448
1291.9313111214906
1347.8310205106457
1129.0234096332488
NaN
1265.7655049154407
1243.068396637932
NaN
NaN
1372.283356524284
NaN
NaN
NaN
NaN
NaN
1278.2095079019743
NaN
1322.895686367893
1268.4907849850895
1397.5012030866267
1113.8196179029421
1331.936109199434
1245.064472205181
NaN
NaN
1304.3972317680584
NaN
1298.018898655925
1317.6983915415697
1392.1372444953845
1299.5463346365216
1350.0646410439713
1275.1559986000084
1238.677378331571
1180.297141364927
1358.178421443031
1328.2949533142744
1340.7337712169845
NaN
1258.5657292858864
1280.5135259133476
1302.174358046126
1227.6034335620732
NaN
1298.0285926279018
1256.7082239131141
NaN
1268.1086107760825
NaN
2159.2546993093883
1272.241882622823
1327.130775061435
1328.4588764863208
1397.2765539376765
1117.2657804129071
1252.0150775212169
928.5200862649904
1362.0937200039193
1286.4147292413224
1265.8378288261902
1097.054545676676
1346.572117413828
NaN
1110.7047469911156
1413.4556595985543
1399.8718366118776
1200.6306920800178
NaN
2169.986644334977
NaN
1199.5382411776873
1288.338304370488
NaN
NaN
1190.3253678433796
1303.51173665674
1330.5785258070823
1250.0718729686305
1201.926417864562
1288.625836667169
1326.2344619421247
NaN
NaN
NaN
1300.2246582873856
1363.1633403243652
1326.1943272547715
1286.8755590215428
1185.1346792092572
2007.5764473020674
NaN
1150.0575486183557
1315.0596832913855
1201.4971064129843
1285.4312816370395
NaN
2157.5372021057556
1272.1378802203803
1280.4400472259404
1304.0559204306667
NaN
2013.0413124006873
1263.9447131137151
1282.6121497446425
NaN
NaN
2278.5199098812436
1215.6535400553034
1298.9425522883741
NaN
1251.6251596824986
1167.7762372478717
1312.9150893132967
1123.761545877745
1307.540703411796
NaN
1376.911457439803
1412.4567891092572
1409.8962995570425
1263.3563598642077
1323.565346760583
1278.92170530045
NaN
1334.5140506742894
NaN
1254.4094970074407
1292.760415549956
1989.0955790642176
1258.3644087905507
NaN
1338.8444996535345
1364.257673293517
1971.2841135485103
1240.6045900123459
NaN
1274.6962369601345
1295.5839396947065
1279.238076365333
1317.3764676755202
NaN
NaN
1334.6271621366932
NaN
1279.248094519987
NaN
1394.36766155312
1261.1153048406215
NaN
1295.017734372941
1291.801263625499
NaN
1305.1152230296939
NaN
2120.137629637823
1330.1409949454633
1285.5143001660167
1214.5829187324014
1289.5067870995156
1161.118872262059
1328.7635939405534
NaN
1297.0881813734227
1287.4053616249237
2139.625584291395
1280.9928201876512
1248.3629291922643
1316.5972809394852
1340.6461518351873
1273.982851593641
1330.080447722512
NaN
NaN
1330.18692216508
2022.6081142093403
1375.5217185937022
1131.2734291166769
1305.4221642034593
NaN
2069.701448106388
NaN
1312.261632520871
2188.4326294401885
1352.8212596173805
1323.3278544759476
1338.946704104106
1272.8480878455518
1116.4629967085314
NaN
NaN
NaN
1243.7573675923506
NaN
2066.861481001721
NaN
2180.2794881097466
NaN
1265.8182643070609
1167.5683994959113
1265.1940175025825
1280.2162253979927
NaN
1245.1039913645761
1133.654895658318
1227.4905719773612
NaN
1283.9867266162657
NaN
1288.5052284222295
NaN
1235.940943105946
1304.6188471913433
1310.1513283131023
NaN
1314.4498014359276
2038.0392897438799
1014.0598471338482
1311.328855050268
1175.6492422792592
2182.407505095403
1313.5337204907298
1288.1580569391149
2279.2321409152437
1272.1952179234688
1382.0584193823865
1015.987620460793
2114.6815513435104
1934.2123016847768
NaN
1227.2027176523188
NaN
NaN
1197.5081745689547
1305.3429099425423
2022.2528843257994
1197.086574226069
NaN
1336.242611883282
1234.3045146994016
1234.9560818743378
1244.6568750786003
NaN
1981.5015483402287
2345.846298865105
1259.5882720835625
1340.5509457291867
1259.7171055532242
1242.6573078132908
2165.3840694742353
1332.051784736441
1431.298812246412
1237.2741448801244
1097.870808989759
NaN
1308.7715202770114
1338.277433796151
1199.2802748880044
1388.8721278558437
1265.0072517276183
1323.9277416384082
1398.8634177866136
1162.2372606865047
NaN
1257.7814597989634
NaN
NaN
2201.1650674009384
1293.2383196113894
1239.8819749135446
1212.0341542365943
NaN
1225.9468872442326
1313.9388764076461
NaN
2225.7418529717584
1292.051621437818
1376.0933266748766
1317.8065080027654
1301.1712070986803
1173.5254758965484
NaN
NaN
NaN
NaN
NaN
1336.8915142309475
NaN
1271.3581548355294
1240.2393464601782
1275.4272870732923
1259.8657176970423
1304.2700306326865
1279.6645144471058
1385.9551348998389
1333.7312849462055
NaN
1423.619118968656
1293.2220396954137
1293.9495334039652
NaN
1262.9955532768313
1384.2814747530497
1298.00975861848
1098.3940593803716
1060.7494419815057
1310.3155655112134
1249.7541164238357
NaN
1088.8931799989602
NaN
1264.8857188864608
1271.7117225693273
1244.1206099106198
1276.7740320566493
1206.9096400958972
1309.1274966541928
1272.7784265670932
1440.2082703840326
NaN
NaN
1287.0098093914553
1406.8742304957525
1266.9592237945067
NaN
1215.339618922529
1311.265351557825
1304.2762905251018
1224.5602525010102
1363.5834073909498
1295.9275667999639
1034.1170407203467
1106.695345986336
1445.6800160672408
NaN
1228.4881086636487
1223.721020816413
NaN
1321.6919239583278
1228.7281481481252
1275.462694958285
1186.2137595666534
1160.006681638485
2273.2106066596098
1319.1553810862617
NaN
1220.0313891355222
NaN
NaN
NaN
1256.8581755433843
1344.9608994381927
1368.8737213859772
2157.142831814371
NaN
1267.5257010641005
NaN
1377.3976954731352
NaN
NaN
NaN
NaN
1305.1775898303652
1333.745338266691
NaN
NaN
2061.917479487476
NaN
NaN
1289.7558612613682
1294.472340712113
1373.991466409638
1321.591914922042
1282.1594985046806
1196.331976105785
1373.6267763077694
1317.984234768101
1243.7571314970924
1294.2642034465655
NaN
1180.3920213354393
1223.301124678819
1281.2514113785094
1314.8288488211922
1317.2935644074967
1318.7105179777761
1361.836847267083
1230.6871556043636
1412.172645643058
NaN
1272.3753690725632
NaN
1341.5486868225476
1343.8922063299178
1286.8768201507758
1326.0264246341446
NaN
1290.1221904619651
1312.5025051129535
1240.0018674686328
1253.259719052812
1267.8521415733298
1306.1543868410138
1198.5367536925016
2103.4749406018773
1303.4701433103207
1292.6698292620563
2176.0478304984463
NaN
1235.373737282859
NaN
NaN
1323.6675817346163
2249.149730220233
NaN
NaN
NaN
NaN
NaN
1249.465267911122
1285.5188583341428
1304.5878675695594
1274.9650964597085
1205.7638877016536
