1282.8319200801677
1278.2745617551875
1266.6076140992016
1281.0812607516095
1310.8670535782232
1330.04903079531
1321.789957201286
1285.824833251899
1260.3720727608809
1261.2073555346171
1291.8933019313133
1299.7630371230384
1265.6938850301215
1263.681675112918
1298.7540078736984
1324.7398328598395
1285.3173551810123
1291.240618116611
1306.6101990069535
1329.4739239359621
1310.558096385825
1324.8134663339645
1286.759691979249
1331.354550166296
1289.2818875697408
1297.2668555195555
1309.7805439161446
1259.2948791312865
1300.4458281591287
1328.0440119962523
1332.7303221707564
1256.8243586430945
1302.5549512099903
1329.2528362545959
1259.7824277843106
1322.6211922097648
1295.8171085376716
1331.5889705499055
1301.3502616350256
1255.7415496989659
1303.009864979563
1309.9885435547387
1287.2685769882053
1277.6425943675445
1298.3895796797262
1274.1428005645255
1271.5131694893184
1335.2109089836379
1330.1326021634736
1275.6306011105771
1257.2664953098367
1303.6047150803786
1284.2675259583907
1310.2915153807767
1278.6367407549455
1309.036001534318
1329.2844023651141
1330.6137613509898
1298.669109207921
1332.457498408798
1272.1319526263953
1298.5360090898628
1334.7790052892444
1273.8109699193606
1276.5711030284492
1309.3745609429932
1254.4841176741115
1311.721269491056
1300.6900642018431
1330.460326615354
1306.8793597628414
1315.1660384089998
1301.8902613991281
1305.56201436129
1272.837698675532
1293.1825310260092
1284.502495719776
1271.3120736850317
1281.6053567527356
1330.862585536452
1322.6400957499109
1255.4149223952522
1314.65750248476
1297.7965095817765
1334.0387192328603
1323.4535520440581
1295.145657851333
1300.6534394886532
1276.6795750532922
1293.4323933005792
1255.9985214799615
1320.9797430269923
1300.2994324309823
1283.4987796840255
1322.1778329045487
1332.9811783057603
1325.673983303351
1306.559340505193
1309.9731607824476
1283.76157230992
1331.4716938196093
1301.7550851012065
1262.50304240212
1291.1675676177365
1265.7861157312534
1311.6845892732347
1292.9795464747824
1306.500248918679
1266.3290902373553
1303.3187206414034
1269.372898121097
1280.69477447831
1281.0370929639214
1297.2414523907069
1301.424334645778
1321.9008519235292
1335.1880450226402
1313.594972013902
1298.34137267066
1335.7685410489246
1299.8116667701397
1327.4535141056979
1273.3638585975077
1285.8976824535205
1298.4145867216223
1283.4542317371868
1259.530546270283
1255.090492306427
1261.9196464394593
1292.2053157706866
1293.8756162082634
1299.4223387773827
1321.1636148537805
1289.6838867549563
1292.3712927805207
1262.3101467942274
1321.4583906749592
1300.5190741434244
1322.8810256741308
1307.0338593614993
1295.6748408386384
1282.642123458779
1313.741676835436
1323.7334671059743
1274.0273039740869
1274.4674596966315
1332.442878378034
1263.5823498623217
1280.1842815800524
1304.8563200429667
1265.8283065275234
1304.9295957032255
1296.38403137721
1277.613851659787
1321.5502460528178
1326.1021515692032
1300.5679302440246
1321.5873554992302
1330.8195521265363
1273.4505763785724
1273.688236597149
1272.7944485334501
1303.0831398208388
1303.4418028391344
1252.6722737213404
1274.5108407857772
1287.5049792145517
1321.7896201495894
1322.9914467274364
1305.6631205583205
1285.6256586962866
1301.4128538958646
1283.8789190484592
1325.3565873824728
1264.658233648836
1321.864052723818
1320.869339371075
1330.6874877340447
1307.333595944774
1297.8194239708073
1322.9914467274343
1322.1035590021543
1329.2896790949258
1320.4651722425394
1266.3144529919969
1275.5296423633577
1283.7334246530074
1274.366534757605
1314.4091073684144
1304.1710754817798
1267.000881677254
1273.702830440338
1273.2051865547592
1286.1698388359857
1284.8103822240269
1332.1188521227566
1277.5203163205126
1295.6490741330772
1258.5527037703262
1281.641676228937
1289.5193287394864
1273.1331258146538
1254.2472377988856
1266.787380835907
1269.4155668430963
1276.0715600157614
1327.4371363448447
1293.4221893412853
1259.3775703416968
1323.6037914336769
1298.062033177068
1286.9593975533573
1264.6374516031387
1278.8407397915237
1276.4116479511636
1293.8653123480258
1270.7653775539977
1274.9011286210505
1262.124971772297
1334.171943609347
1269.95408646121
1291.4791428029714
1291.240618116611
1291.4060829431085
1281.6495897810216
1276.7955056582264
1331.4131053623835
1280.1194446165257
1260.5185341528556
1288.8073728064965
1299.1057154004882
1299.0088775104334
1292.2517486720617
1324.4580317908933
1304.6415758095368
1280.6947744783088
1287.4685194128008
1278.2745617551875
1310.3493894973474
1336.0592331268579
1305.7503644920698
1281.109695593234
1276.1660582888992
1290.3972869301542
1300.2749559222582
1283.336980024898
1267.8383413908316
1295.014657296907
1289.839214213316
1315.2222776742728
1274.1861981693207
1320.263036311761
1325.056562213932
1326.4770920105414
1279.741328834291
1294.4394640110677
1293.3023446607676
1294.774045248281
1285.0820086766405
1330.9057715231693
1279.1382686167851
1298.875547237137
1291.240618116611
1309.7072120453654
1284.4213857314776
1271.3908486361893
1285.082008676639
1282.9207934941044
1259.530546270283
1311.6638151844027
1278.5642885370921
1265.3862008344
1286.6416605729155
1292.32483363367
1290.4432643284704
1314.8972507180326
1294.9780811613025
1281.9560578799653
1319.8227293913137
1295.1350101580454
1267.8311327065003
1257.0763072725697
1334.1350554224514
1321.7717889748028
1281.4237902442521
1276.6072583219527
1295.828015952382
1297.8217118932387
1285.5079051075434
1266.4573819068037
1296.4427133142697
1303.3422165198454
1312.6638817841
1330.2644441969533
1279.5963033274386
1326.0653225595224
1275.73897787146
1309.3012292210637
1303.601557932018
1298.5592882774972
1307.413650407402
1272.6431775031974
1276.9837999013914
1328.1752631435822
1280.8762428341488
1283.102566963671
1253.7045287389142
1274.4820971573256
1307.2092132105327
1288.2513934350416
1333.9793027047651
1299.0572812716769
1297.7965095817767
1294.1992072804103
1306.8443715300807
1314.3724227715024
1310.3014836117097
1327.3962519156737
1335.492134251322
1292.537383074299
1275.8473730491423
1269.3728981210966
1298.1603243095374
1285.8612568209091
1295.9634376109643
1335.202127019329
1332.8336756856131
1294.5596391172783
1255.460340080849
1306.7343955668116
1313.398462254754
1316.0766607003238
1322.4362535749963
1330.4234656321812
1263.8671088357848
1304.9388929946788
1301.6692249764444
1335.828499050955
1301.3019374570108
1329.721593020384
1273.8036674288735
1311.753099779345
1292.8963729001782
1308.844370908881
1293.755625563324
1331.1854248423408
1302.5034798425102
1254.9417143912665
1296.9628748901346
1278.1507595912478
1322.7316253736003
1263.3408071426975
1264.5082860280588
1294.737473842642
1283.2197584372714
1293.7819097682982
1251.9651286685323
1305.4105870764977
1329.7953046860644
1306.3111006606234
1257.290457194669
1324.8675139488519
1271.4125837321283
1274.402608201001
1287.2685769882055
1309.1093307224255
1325.3708805579874
1265.3001378364593
1273.3278267961891
1303.2924694658968
1303.564917267622
1324.3281260639421
1300.4336227869212
1299.25216363941
1326.159009353053
1305.2135693645118
1264.8721293331764
1331.8101892292514
1300.8245453766024
1307.9264608807523
1298.5709816606363
1271.4272450891845
1309.1093307224191
1336.4240470393297
1310.2972912193654
1272.3191390106074
1332.9442995900797
1303.7878828076634
1286.4056889483015
1258.1642942722067
1275.0742045001061
1324.2913074666524
1293.745345730603
1330.6720969810144
1327.6049751533342
1295.4703946123325
1329.8745816509443
1311.879090122822
1289.0810609872979
1265.7568836134262
1267.0081445587173
1280.5055360054562
1253.9075590186842
1298.9840660723712
1275.9557866483237
1327.6581793848648
1302.798500005183
1333.232326186594
1257.604786661839
1314.4401048236807
1284.8915762545648
1295.0146572969056
1297.5793704851274
1275.52224276182
1267.051197507361
1307.5748008635096
1266.8220934174788
1315.2760941444333
1276.7231844083644
1299.3006212243301
1300.7756029222983
1279.246995732042
1287.8962799674134
1297.7119007149934
1270.808515513227
1274.5255393428988
1264.6374516031378
1322.1958875556825
1289.4828294661
1254.6359985485624
1305.5848118917422
1292.8963729001775
1295.386505608222
1293.5888505877806
1257.3662923862016
1322.7505181990532
1266.9870221923318
1262.310146794227
1297.0950657907251
1287.3503053823538
1322.4919007506473
1308.0805479773428
1298.437817001421
1295.9525811772528
1299.0691084991308
1325.2406796775613
1321.0348618446792
1291.9663728194319
1285.8976824535205
1326.7384242352964
1264.8795158137489
1325.5208869724352
1287.150421561834
1267.8813828077266
1266.5224531369772
1320.6485874132936
1292.9329243073048
1280.0106341010323
1311.1445086444023
1287.8598111501994
1295.6274784482237
1262.2723545681954
1283.8789190484592
1286.3241853905085
1277.9621771828365
1327.1344650114754
1266.3944788681317
1300.7266909776981
1313.8683733816838
1336.096142879692
1334.135055422451
1325.22631040997
1283.336980024897
1290.7178811515234
1269.379536708875
1321.513286377237
1324.458031790897
1311.3069800828969
1332.568088031309
1280.4174214934358
1326.159009353053
1298.9121610651098
1288.333347564922
1296.926281969819
1283.4542317371854
1328.4170667891176
1328.1176776281588
1307.413650407402
1315.7852003471085
1335.0633270212772
1271.369353493899
1297.7371308949112
1311.160309652821
1294.1156908374298
1315.0755345119996
1306.3477515528468
1261.6837786196886
1301.6705145409287
1268.290838663351
1312.4317933896614
