3951.841874625046	2.9127829247578534	18.96986165228198	70.90166938961003	109.17735788681486	137.74048912522852	0.29088220179767166	0.009126662525247945
6206.1647980499965	8.240498190257627	31.584144749118185	195.31867171366827	102.09613661313001	193.3119615070247	0.46371992430864906	0.013551037564672738
4364.115294957706	4.719608345010941	20.576374594821885	89.44620176185346	106.91390091691699	144.00569239121415	0.3218152166582949	0.010006684730537398
5971.375498946155	4.718645242602599	31.735814318887684	174.98049782780038	175.30282532469113	216.7602253769689	0.4442081927587978	0.01304768446003731
5517.630290957976	7.564682699314274	28.49916169564441	180.13482824685863	116.05262255825464	213.30078419442083	0.41263784241257845	0.012004732183796378
4526.674770714599	5.743383528936817	20.704092310461395	88.26189170667442	139.72071386694833	169.30252432883032	0.33267098583929766	0.010436470560364322
6431.689586477711	3.0009080082787016	36.84959786136677	217.11968167964167	102.1271452579398	242.77672047359923	0.48310546964426704	0.013713168256383718
6455.3868393238845	5.692191902632646	40.086362666800774	317.87060838132464	92.08150855558162	207.7866167833058	0.4916034169827592	0.012794943957921575
5134.64805259884	6.200707136412424	26.759113862155637	165.54684570268688	119.45347306983295	167.39673682235124	0.3845516194378655	0.01117882840198879
4223.847302347464	2.387311787060444	27.71748523759721	217.15153430558723	71.253249343131	148.15948603573378	0.32666958867943174	0.00838042053539162
3316.099800250823	3.7140010793640945	17.179394668050403	99.39596889462722	63.88048520455411	123.0216451607357	0.2484066473403307	0.007302280314684125
6015.871089291989	7.796815633501687	35.78780705776458	297.85670313595307	163.5166041511667	190.57951561999877	0.4521186495936415	0.011839675441161792
4190.692557412206	3.7893763986385003	27.15290957879589	227.27375213962011	70.63903081750875	121.81892327605668	0.32483271866877733	0.008248273969490091
5686.833212800236	2.4526113677289016	33.762169140344405	216.36028853307175	160.15180841249546	192.3697684376208	0.42750634224285033	0.0118520876474379
5595.695120505245	6.999357765918601	31.5083170676908	229.61091464289535	97.03240588160028	193.6441451188821	0.42343622115411883	0.011700098426132153
4416.273400187115	3.617135786015155	21.49125132022706	89.82074501075397	137.09987995346575	152.89903906306446	0.32597813467073167	0.010099305587276414
6216.636477358905	2.7099071432429436	36.822993068173005	238.8927391418886	177.55328456235077	205.95217845586106	0.4643602359224227	0.012822412232263566
6045.9937780418895	5.5983573471992685	33.60175582037186	219.68570572631214	129.93669736188974	190.9930045763852	0.45410739030958214	0.012811312128367388
3442.1570361216595	4.3375303647243735	19.48710428075656	143.13911388265635	92.41172285624395	109.94045660370935	0.26185886064951225	0.007229570109039503
6664.625855994493	8.76785108412904	37.37749834794715	279.6100202896101	126.35075166059144	231.33193965895788	0.5007393555354605	0.013749062789280115
5915.824542337825	6.642973405282561	27.188119804253457	109.93448403400397	106.31659845487258	213.64020441486545	0.4347756341455993	0.013633966137559718
5819.798741574339	5.0963239637276585	33.50277223646267	231.8863194869787	136.2882898726055	175.5798508865762	0.4385916221004631	0.012129659864166416
3570.129752578174	2.6865384801207868	18.404712929100704	89.77247681028578	88.04902046323987	128.03156812420738	0.2658317324606474	0.008002692058198901
6324.1748878918615	8.836428798056568	35.76970817440854	283.0917727813557	177.9790654893285	205.13343658123122	0.472324508813375	0.012749968064730548
4841.576872509888	6.9931437843499245	23.371646314298943	130.92295936700148	115.06232009522039	166.19784204583667	0.3596757726755331	0.010823707774459606
3863.42397677636	2.0949130375855622	17.57120603797257	41.710650086787346	91.311190745975	131.0139059797889	0.28169686391939247	0.00915518330253039
5024.180562970137	4.757118763561274	30.627024759630753	236.90921897728265	101.73454341075384	158.24598416878993	0.38390249118484804	0.010170304390840731
3607.504762796654	4.610634754541479	20.44035258824337	149.8988006053287	87.75988898607045	131.28832901604738	0.27435630074074785	0.007569170134976421
5046.47811714252	3.6211831282915314	30.714034910047335	221.17138260108862	86.76346997093248	179.92967242199288	0.3850363316694321	0.010353976387771038
3713.7573472255363	5.714281363637708	17.155640528032325	88.74752504019597	96.51080250983975	127.28945122224584	0.2746744374860982	0.008431453960980467
3678.7060987379336	4.04911215348551	20.446580975675694	138.75277584374592	99.36689353422973	117.27963550723736	0.27846673456016896	0.007840045472342386
6483.343071801606	6.270623210014047	38.73223958049293	292.49145996867	108.85819194898475	232.59209640432044	0.4902893365200052	0.013120893102070385
3943.0094802262297	2.4507269401405516	23.0062302997183	147.52987607864114	58.68866279614527	137.2875571786132	0.2995263710989484	0.00836117440775436
4137.1043035035245	3.1861509837953172	25.673438811914846	192.81929784157091	96.84838031365203	145.90114969691393	0.3171067602967393	0.008418585322549361
4220.5335124454605	4.576181206718822	21.807641751248763	123.12840894277535	72.10168134896657	162.93101470244636	0.31560069845424044	0.009315379678166957
6463.333870244573	7.682998528802187	38.52116639887759	313.14968376750033	136.27711195251223	212.30652746245227	0.4865376713730165	0.012760860110740409
6496.087654794194	7.814343633591082	39.53795954664362	327.82207196385826	100.69081250725765	220.60870668056722	0.4935286234980172	0.012824732917191875
3725.6050140281964	2.974800929081894	18.459645957159722	80.21760808541013	95.74862179794619	144.90570969975283	0.2758175723253411	0.008468053521782457
3459.7961462872195	2.333699343300308	17.145166340598784	70.40073176112983	73.1572568892376	121.4786571313452	0.2559414291127843	0.007901499129609555
6324.572084110741	4.304735561997852	34.777660199407656	202.76915421711732	123.28235868008221	194.23357181026316	0.4731402277018039	0.013669274356355392
4083.3520682843455	2.843435410664851	18.42210898020689	48.25203220026544	78.30107525957962	139.76296101213404	0.2978856798130901	0.009654326180459286
4014.8323392210236	5.551502412646202	21.638425997786428	152.29586741343414	110.55482214953717	121.7099429568496	0.3033830413092931	0.00856237023320826
4617.520823392064	3.960916673586874	21.761829035564027	81.9521743734571	91.61133274891134	159.89320004260878	0.33963112280274493	0.010672343478880679
4438.679111221982	2.8610557703007777	22.122332885388712	92.10114302130225	140.2373589216505	144.97391570824485	0.328116511018686	0.010122651928104538
3696.3156360561347	3.2624404926770656	20.030459060414838	118.92243383698072	72.2830367957715	126.11927563059382	0.2780938156538797	0.008049012960583909
3906.6528739593005	5.773877543213057	19.602743268256408	122.62279571416813	82.88046525263067	122.74675189856812	0.2924427278576119	0.008591310932920699
4980.274067402182	5.025704768192407	26.846999405086667	164.48744919890018	122.16855010372285	187.5171558817203	0.3736587060697202	0.010775784597286245
3949.341590395247	3.3581626473226702	19.978472275057214	95.53350392572037	124.36789666274733	149.63141486963914	0.29318147536083644	0.00889447559010169
5080.048537800185	3.903062204126768	25.276721650671256	111.64984217633913	125.07857704135839	179.39924885276002	0.3759479604537996	0.011514397470511216
4210.360908861134	2.4550131508532194	23.401992298638135	132.85040510059056	114.59864846928238	142.2549261142491	0.3165305435011526	0.009150653660090314
4203.654534799126	5.031649980393937	26.187432028490186	219.5045859713936	73.85654295403103	146.60491829725993	0.324414171275266	0.008368030099163653
4733.817803438476	4.296011714899012	25.951416947386903	161.10321351673676	139.08169137820207	156.08473984068783	0.35575784837072133	0.010197836678933099
4032.9619086910584	4.0579710139190786	21.72351599227145	132.55503638575453	80.68842031084836	147.13214067871687	0.3034071286104788	0.008753946275319138
3679.422317792137	2.969514137440022	19.04922018390782	97.97337123450541	99.73748903409154	116.73777576161214	0.27450136383971185	0.008203177200667154
3928.820198449604	2.2307755601865873	20.95594110750307	104.59475953851856	85.81081930042602	137.05987487307112	0.2934703813150751	0.008735780624000497
5610.501502445025	5.4226739285230785	28.527219949891204	147.8335267677341	128.10056186100445	214.703817791439	0.4168986953112604	0.012485665619272964
3994.7458119541343	1.7328470640677176	26.346986513425023	201.53359201135038	71.2350273704518	137.70181446741708	0.3088916151964243	0.007965912485810713
4017.9015622948	3.8408039938698173	22.556346896356253	148.8661322611763	67.43165627307846	131.469219072722	0.3042773295239148	0.008573547900916835
5150.984332015224	5.25334419995102	30.903622312388972	235.04620066150815	92.36241026982842	185.82036571271115	0.3929044160218097	0.010511070694631346
6297.165276746242	4.05460230190872	36.52620614862505	238.9043905305631	140.6320688229008	215.57958977065547	0.47262327064966075	0.013133883943250971
5152.465068614554	3.4198234867987676	25.899591338050467	109.87563692679294	104.63121305189773	206.36399698213287	0.3812315756933809	0.01169158425452764
3990.611922830352	1.8706969757097156	19.936800346476623	73.89319097212517	87.70824020432285	152.27514038587233	0.29467451888458307	0.009152762109869997
6484.999979863173	6.463627505713163	35.13597679546966	222.78709829212463	159.80405658484545	218.83432765027456	0.48375775510859176	0.013828644398471358
6258.185701930635	7.054247609922598	37.50953709963971	298.96473593064826	125.54995432013092	223.53067095232512	0.4729974024604559	0.01246048323570471
3965.8176805126586	2.3196696810203274	22.545420032482618	134.98749086942394	88.64871739918458	131.0036180356064	0.2994266547049373	0.008542968743391551
6519.754851630547	9.488327719576604	34.15114198691119	237.4568489571289	160.46703362700933	195.53320635056193	0.4865998962927321	0.013864656406963962
6167.855233997822	7.368194230880485	36.86157840280543	294.8242017983118	95.20049583450033	219.48798867007767	0.46919808521522544	0.012381641983558577
5784.532804023437	5.523846934145196	35.54987778352348	285.3836761368085	153.1695465094348	185.19918188379216	0.4368464133779571	0.011369975070592366
3896.7474964723206	4.757458865883472	21.133893069935848	140.80734431263704	85.11458929618863	139.99306791412693	0.2941486424130367	0.00836301870854898
5829.796326215833	6.646209934418648	26.027997883458966	93.09150772642512	118.16857708589137	217.4617236002752	0.4265498088069477	0.013592718118386218
5481.669561563597	3.138295181657122	26.0409701237217	81.92698091320624	116.63590575284479	202.604040371007	0.4018461294431526	0.012768917155678988
4768.485379941308	2.030890688418719	28.11814889844074	172.77653362232633	116.81834540506213	178.87190421425623	0.36035878578156144	0.01011286851028232
3242.4793944513117	4.566631962773834	15.552783485703939	84.38903071037335	69.5352088993696	107.83329381788377	0.24098440455686249	0.007285410762093818
5209.213946906341	7.441105336770344	24.162231926202303	120.98919520600774	132.04507232878564	174.4335417230306	0.3847341155612662	0.011825496137522502
5354.248528408321	7.02335112427489	29.524920941973644	212.73105719654023	147.57885419361727	181.16765843596355	0.4033250954391243	0.011233474823831273
5693.449642104472	2.9012007193378997	35.59522151323358	260.04910540746505	133.76631332582411	185.53549590905803	0.43154422942033094	0.01141982826797561
5139.012134690965	3.023017169312096	30.404596640812606	199.66119915581498	128.116274653109	193.3465673864702	0.3886092239457639	0.010742209988211331
3995.7806773265006	5.642157442796555	23.002046361469187	181.088819867893	60.64850243373614	127.01270552288284	0.3054926562223339	0.008260641226897578
3956.887563848982	5.287932228226554	21.42663991311746	147.25459786123974	112.17088706950288	150.0288413195261	0.2986750080175769	0.008453295448449973
5096.924536263275	6.858147516610701	30.245733135846145	246.9993618128758	80.88287337139991	160.02192493396814	0.39007717207406317	0.010325366871706288
3348.1872565801827	2.6382836404681878	15.088344876685186	41.903990052263204	67.52997422779966	127.5462044602927	0.24444197050715927	0.007893208029567375
6693.80170765382	6.492336160301669	39.65306550517842	308.2490489864608	166.0466899903794	187.25126947921683	0.4983189802096955	0.013225438403314261
4329.590181431318	4.004423873592139	24.284888119750107	158.82911945225052	72.95746306616743	137.34577533086562	0.32757918958879867	0.009249167127718427
5686.926112946326	3.077595360572474	34.48064900423802	238.93549095232427	125.62363788993957	174.12803134796988	0.43049827146656433	0.01168684344528555
4941.3078872856095	3.5704480673885826	26.233760694265154	138.84217595345945	88.9096993299394	175.1017910489809	0.3693657890799176	0.010908579589897376
4104.986375752137	2.108605117201768	25.79544742046644	186.42665747872698	59.95881509334462	130.43596650487711	0.31547799666315246	0.008388676355196736
5304.182920740577	4.766260861046353	29.13743101980877	180.86948202498954	82.83059607752028	180.28369210780247	0.3993807775831125	0.011416605120970306
5472.213717243103	3.3529025079704495	25.66775664642832	77.51198371180286	121.37518783751506	205.04011271701566	0.4005364505948307	0.012793449321558806
6044.6557096463475	6.918209648654873	33.159355477513586	224.9449246692668	137.901917130147	203.4497881799919	0.4535434572767605	0.012793788194886937
6053.639593201366	7.827624293008932	31.818324912443956	207.7827315289065	171.2466195508322	199.8578332289629	0.4516017175040386	0.013015325811568897
3577.09468951541	4.898081024002485	18.73981748217419	123.66988935490518	60.66570072410872	112.67781816948839	0.2694884461927747	0.007747540016286617
5667.531983126867	5.309273162580822	28.59672347524679	142.83535778457684	121.0368479072291	214.7039163411689	0.42060854452637486	0.012678273477691059
4610.0954413512845	2.512180779453208	24.105307296286192	112.69463470743233	89.57967893941387	159.0293941289032	0.3432689818802465	0.010323189949568046
6169.94642854972	3.403066895302067	34.34990061349888	196.421774727217	184.92475947571438	225.9933850049157	0.45938957112414214	0.013230154146982075
6327.681998085604	8.820287146957632	31.791739349919048	194.29892907172484	111.52634239162879	216.57577221617842	0.47177873764916783	0.013860497123731857
6200.775080639556	7.8947930928918595	35.922974115382274	278.80029975991624	112.61338470991258	225.6472107907096	0.4690508975414883	0.012623703963186468
6002.718519511351	6.07098240460937	31.439185655607655	181.6310089895291	120.0846048406696	210.2979490859623	0.4479602266520157	0.013137191457306251
6495.891451281914	8.74707484999325	35.71263623241198	264.07641183468905	186.60604369357935	229.37141890623045	0.4834846086288272	0.013361075567322682
3987.3295658535867	3.69628360457014	24.133975395547704	181.82683909800298	102.65723684652099	129.27204526233888	0.3050725920912263	0.008174483702667474
5418.6940152613515	2.7623915779965738	31.123974713239186	189.11267193582594	141.5407462841985	167.7307619790824	0.40741659458622004	0.011549759078017703
5830.38671824201	6.332171451692922	34.640141073964045	266.145532027357	110.73025380983681	208.02437559710188	0.4424506095458466	0.011833513499294852
5695.24349320409	3.914420106099412	27.068501772797877	91.80348796463076	107.90664219138688	232.45132063973944	0.41802959384124516	0.013196619265830909
5230.908147580156	7.159182446516292	30.938458238278965	253.59829033400428	146.46389465308786	183.36878662080073	0.39699144078550097	0.010508602131364557
5399.83859949696	4.703007108412282	28.704579471398347	161.97017333520475	92.08574095523953	189.33617025359496	0.40401115337400106	0.011842878003190244
4533.990587677044	3.425493174817856	26.751144145641508	184.99695373008103	91.92407190603804	135.78057531025817	0.3449067898184006	0.009476833900497566
3415.1511645122837	2.4160355641900386	20.53712306426651	144.42306937900722	64.864134275066	103.97851617046484	0.26119828856952565	0.007107634923241314
6293.314193056455	8.127656977641696	37.110570339061844	303.3290782434588	145.05776777892743	218.7786028701066	0.4734389853304982	0.012458460881966494
5356.745298722229	2.8028869823271556	26.961886199192467	107.00277699104427	89.62806076940704	198.73136872451204	0.3959177836241307	0.012220322064644788
5297.287420263178	6.137636907284796	23.888354702010886	92.69263730418831	120.99349710666722	172.7659354266323	0.3886094929418405	0.012286651251644909
5247.02688382221	2.5995740124535756	30.51065997006441	188.36792573854163	127.37139401846305	175.86616583981083	0.39553678606096054	0.011135486307419725
4429.966829025062	5.927096874916081	20.401405601555293	94.55529518503236	110.01502395440903	151.04286238846058	0.3266641651418931	0.01013636816195708
5046.635003474267	5.5432997985294215	22.537972058562527	76.72484373822422	112.53116642111584	202.21765939481665	0.36896753791947273	0.011801495599069472
3582.5364123078425	3.7736774220232414	21.136728082952864	156.23923519249294	68.84012253725116	128.81364439521886	0.2738017804655103	0.007432035607960029
5056.017533083153	6.366974973928693	26.423843092291683	165.82361117700543	80.81825994265205	174.61021690072803	0.37931892328631095	0.011006408619285576
6054.911950588991	2.9659834911369045	31.825382534609517	150.05076736017236	128.3150993416186	190.1178793702268	0.4499019386372179	0.013500434364350533
5076.0232826306465	3.79244147719277	28.39689841709622	174.58817028910505	89.27367143874048	165.44046463575842	0.3826143866037464	0.010903681868106498
3811.469994722547	3.5618927402910208	20.820505865160214	128.71935630953803	114.10485341288059	126.50586376046056	0.28701167637681996	0.008244632095979535
3824.5423247341323	3.993380140188496	22.508469876184154	167.23549098097433	100.98688272425859	116.03775698810146	0.29187275974958565	0.007930552025655442
5558.27313979003	3.394820737789227	28.878304515682213	136.8668980319739	155.4810360533885	197.47904066270266	0.4125238982181898	0.012413980000903393
5763.131882234628	7.487529968086854	27.53641763688242	140.59572582388816	179.5481723446271	202.16820747579303	0.425700340372956	0.012988152201572355
3911.9810540013236	5.847124536203738	20.241937208604714	134.26168392396292	77.3435167207134	145.51086519340845	0.29416812939824616	0.008479783331510947
6132.363297250648	4.179555949611049	35.267795710607935	226.18173221557763	128.66006396523233	230.01209527519677	0.4607973714354073	0.012897037951110388
4357.253924037067	3.757606131587136	26.034415767046816	188.8927230926954	70.06675074007076	133.6154128056409	0.3328326642037384	0.009031464234336494
3172.2307345653835	2.90754622571033	15.666838181996349	72.30644374021183	84.69635807186168	111.67031033960899	0.23514421847166941	0.007195316446743272
6495.833283998399	6.391870901956373	39.385510401377516	307.6498257657421	94.47192566695897	212.87768837712207	0.49351155148098536	0.013023788711787453
3517.024155914972	4.956926202320829	19.09670326048224	134.81325307452158	68.422722848264	128.2430411416333	0.266213567788947	0.007498604478035866
4652.290751279039	2.76217713445006	24.47820537899748	119.39224054349593	114.13769014427079	154.2731610001867	0.3465318902402741	0.01038525479070352
5812.829091052147	3.5322710924019396	37.042172781567395	286.8954066423049	98.7995897274819	164.22458296831232	0.44411944233826267	0.011531796857653707
3686.629553122022	4.789242871580824	19.300181490594245	121.53359231161905	67.16259290719422	144.30136241623532	0.27699284297624127	0.008028351995400534
6246.080640793078	3.3257869442458614	33.11661488982411	161.8469869736537	180.56739516891716	234.92163459620423	0.4630085687369579	0.013801817336213275
6453.460015317462	5.420630287959785	35.4427394272308	220.43514967454203	180.61748206805433	212.20882054014197	0.48045049472390683	0.01372573339317222
3237.1349331607066	3.3150234016059277	15.210484355839053	63.537304770003125	69.9201093807345	107.50864875246116	0.23879524517758036	0.00743473218846857
5694.617708676554	6.846639141256766	34.86891421712696	291.3398663500657	94.60942858339327	166.53622013203108	0.43559469718055704	0.011299347685056233
4190.432239760219	3.2875363897896603	20.981433599341628	93.65915551102508	90.15260026572777	168.786168672178	0.31064208683400096	0.009481599805671181
3441.24787126192	3.1297321034394336	16.439819319650834	65.79325748877154	75.73306650187666	141.27872244775193	0.2537002799797786	0.007904697772853285
4383.232020525903	2.43626805463101	22.610617499834696	101.38596216369251	127.81646359677323	148.85988995695493	0.325438465694421	0.009880658904637536
5361.336994980484	4.899610467709521	27.149801376354286	137.71530064712417	166.35403899016316	176.44588165969932	0.3977994013155532	0.011980421710784294
5476.438927396103	5.168679873705739	31.43275852712272	217.14783492330653	136.21292039589716	199.991138062241	0.41303286245489196	0.011441632243704297
4789.74593042401	3.9956298208327015	24.686086672919128	123.86558641999156	133.1138632410445	191.85585334430058	0.3561506351446413	0.010685685104945416
4924.572555230135	7.455922947773323	23.207724251938817	125.76508177180176	113.82088669993924	169.78624279898594	0.36487413967098437	0.011088648340591182
5602.971541632023	6.017358453019423	34.15068553073332	276.34616887814116	135.20379568758364	179.46334398226972	0.42542383828589747	0.011107872148334995
4376.4669711842735	2.2196026251547596	20.164812967177767	49.39749501819616	96.09092554749652	163.61217483424335	0.3193767071179788	0.010338999705931976
5642.652902808357	5.922594615492268	28.082181251543567	142.42123573265957	149.12024709947096	209.82084236090603	0.4181798100492705	0.012633182282981263
4584.809016851803	5.675404206878892	21.670623567324053	103.99017378430007	75.76718755764867	155.02781183984945	0.3392290845422187	0.010413879386092995
5335.010859380927	8.331052725838347	24.153918203089763	117.07648041423548	152.47383846838576	216.85699628800919	0.392658633485276	0.012181371791893339
6039.904542341188	7.319636447008874	33.34487831020496	236.10423576225358	133.37720893894385	183.8527845650454	0.45421029914547567	0.012676224479617693
5425.827535446635	7.918071524145572	25.011900006391965	121.91321888895791	86.4980957714784	221.41348372674443	0.400558926922375	0.012333330650115541
4698.251935364895	5.657299321416101	21.00494922522849	80.21843379057047	152.94330774463523	158.4516501485498	0.34419474301462627	0.010932185471266117
6361.951998527419	6.22714915309207	33.757630089861024	200.46757701447748	115.32499780792604	211.73573181546217	0.4753644822964839	0.013825400357394206
4094.5702870789432	4.354116788390238	25.612577097775556	211.38840045492694	97.31388921253523	119.04726997250035	0.3154873480800294	0.00817007004329781
3427.6113713563263	2.16819387676561	21.11985133742761	151.5343817718573	73.22537144130396	112.06825346417163	0.2628890563635119	0.007060267569657283
5557.461800977427	4.43915996295075	34.1042499668411	259.99916787972273	147.56425738822873	176.952669409971	0.42077001840833883	0.011134428344029964
4787.394363788809	3.444151080711342	27.84108641970594	183.08260373481556	97.56103831933564	165.9456800062943	0.3625810995257794	0.01011156785541874
6109.277404327678	5.94161550615507	35.73384098868126	262.1909363242246	124.09475413258954	201.00543867825684	0.46136890579733253	0.012506916028728388
3362.2233824532245	3.142042730957302	15.982216964921927	64.85544614182862	98.13982893906933	122.50003087402375	0.24784355809715833	0.0077302214470869775
4857.416975107501	3.187063688916388	22.704959299356084	68.251607965791	85.03797930892866	200.56868063343987	0.3556358276652917	0.01135699071760117
4490.678961944707	2.3056121380107006	26.60357001806477	172.2657469309034	67.6699088966318	136.6259032686979	0.3414738185354048	0.009469500492937268
3034.746579942809	2.580321880650813	14.393930178063243	54.28877216626946	57.624682510728896	117.98929506669519	0.22341776394595378	0.0070061260083559
4721.907850591685	3.086237974970739	28.011683228575713	188.055234380885	135.02931945961902	170.32849659125355	0.3576013235920659	0.009870344829275485
3680.844111596369	4.516182148335697	23.46483433948462	205.56373054937546	77.13333435823282	103.27313917716015	0.2856369054209854	0.007235419863356556
3401.2000232482237	3.974407588124438	17.582483522343566	103.6629254154269	73.00749795129553	120.69580019349843	0.2548765449283855	0.0074781951485690815
3967.7304133351117	3.8665603082332973	21.45066655262943	132.39990990602743	73.11142004349308	122.17686842372603	0.29891773570653224	0.008600247637239423
5406.3458937190435	7.602270023603309	28.351723541202613	189.67146303965333	131.05870071939776	187.73176383352623	0.40536215645088225	0.011635292447175379
6531.205626684346	7.939224948571276	36.550628250329424	265.2650293332927	127.4324427082895	224.52127470327022	0.490794312465057	0.013541024119431724
5724.341077219059	2.9755448182157984	34.49939322870685	234.91908275608043	139.16233705920527	178.03042208300016	0.4321555946106087	0.011801350157702917
4033.815265650616	2.6108560066728765	22.777109992709494	138.15648848428094	119.63771574205988	123.20695240909485	0.3042373200726762	0.008686488148952582
4080.761957004025	4.970853073671887	20.917672856215898	124.44628815061037	90.02996652562678	132.44096303149942	0.3055144925620066	0.008974911249909213
5115.164152606564	6.379065412543018	22.9499363550764	89.41893373599196	152.82060848191162	201.12271968827187	0.3747719627956365	0.011868428203845401
6521.481175440622	4.379553610251306	37.58803320938032	251.16253859006557	187.69564128339792	202.56865259823402	0.4849389907247572	0.013419996821552763
4241.52949963307	3.9903649284303184	19.715844266816205	73.82072933984522	133.78916487297724	144.89278622249816	0.3114636076860974	0.009835680467444301
4378.769879176309	5.344709092784024	23.88820593413205	161.78594812261576	96.07985261711286	152.4746718319461	0.330614860766505	0.009354343504409161
6323.423309036315	6.22980765151511	34.663869814847416	225.70253089159624	147.98736993016004	197.0965420359544	0.4732301551286643	0.013416059894588793
5190.49290950599	5.704137186509521	28.29948528084073	182.9712956959082	123.2543328945181	197.44093779348472	0.39000889130674776	0.01113169706618573
4905.840732328367	7.279725577299742	23.176650500724875	125.62481186553893	100.14981279932582	158.6967224984065	0.3637484590563266	0.011042443000421839
4555.322999767458	3.214013842659205	23.116439061232995	103.59194261598792	138.0815170275123	183.32663354375066	0.3375754057360337	0.010284256501178243
5464.721518042001	5.041777631447248	26.604203755148202	117.88092472742771	149.90625414629756	202.00915608287326	0.40345131902408754	0.01241498644966788
3589.534726111509	4.8506161128795044	17.551018690080124	97.74524973329349	73.99839942675258	119.22721839672505	0.2673358589573856	0.00801856808742026
4112.4587665064955	5.40529088086942	18.162487801041493	71.91565124313983	107.41072583654525	134.20876898145534	0.301613327108069	0.009554875043529755
3341.06670461679	3.4436041213454422	17.951972467552434	111.32319420364664	84.28671558517684	102.61794237120681	0.2516409543020062	0.0072541043893608196
4349.937926621663	3.8168075010177307	27.263395148057636	216.48748958192226	86.71289248004099	128.39964318567803	0.3348098941053718	0.008723073830553985
3298.3039272583324	4.246907559478711	16.761775188683213	98.75946466807508	77.61400807259643	124.98697928919799	0.2467748972024345	0.007273510279729013
4856.246932430857	3.6021830213556614	27.854011187246325	179.76765667233974	139.61514169044793	176.65298104116772	0.3663573898146552	0.010276094582697657
5645.29919762107	5.676687118803501	29.54434396369855	168.32354821336457	149.9054581973665	214.33435118769276	0.4206498748997595	0.012377137702270821
4025.6210211589305	4.688008035281705	23.045897637596845	167.67671436272994	75.78879837622897	135.388355589846	0.30637425477330105	0.008432314239358406
3740.332376615045	4.393275552355109	20.407601247832574	134.9506168158282	97.81142480410419	139.5090906472994	0.282283524690255	0.008027861782123112
3540.163327824179	3.9761447901837887	19.937669627921345	140.15725883742908	59.00997411834117	110.29084720918314	0.26915542582075325	0.007480574144242837
5780.220841950024	8.195499868590742	31.88641111267239	235.0976812699322	103.6985332922198	208.33636997518235	0.43644671949992647	0.012109666238174027
5470.3382203270785	8.016204880870273	28.332874649263207	189.19109487224	116.5679981303805	182.2130674680998	0.410119791298726	0.011813612812891536
3779.486068200828	2.9981423261547193	18.475639933838576	76.28156673463417	88.97346999748252	144.3419539011317	0.27923286956365406	0.00864023621629666
5616.121765358433	6.723087449695327	26.136274569100063	117.05406898814276	93.38072039838495	181.19329957807858	0.4140651381688758	0.01285345254516794
4633.493133507394	6.8786226262423265	21.50188143904845	109.67923547591492	100.56867615857199	160.73792286145147	0.34252813683714006	0.010517882547217193
4107.961861046285	4.900922431332705	22.46848760637787	151.91930615834386	78.37613151698295	137.22501216877646	0.3105694591254075	0.008780337123243505
5601.280776449264	5.63852304262705	27.33933689799537	128.94504227177006	149.1723115784838	187.04419400282382	0.4140145512596649	0.012677887742998058
3330.5185510582105	4.038315250480866	17.042971149041005	99.470025577152	87.51333962426375	120.26475044494534	0.24919296364757973	0.007347466938869947
4703.449867692913	5.845428580057137	29.474299444572317	254.07405585986814	119.45686282854209	163.19506187324748	0.36126300220741686	0.009208564688972994
5956.5983852737645	6.275657541345507	36.32216823570508	288.9118089081027	84.98350038921035	205.3449469358343	0.45484404965692105	0.011933505548774365
4627.0484969941335	2.9627687381615853	28.163157372562466	200.38566267491186	126.91045347692584	143.30815338127766	0.3522894041937957	0.009514618152486819
5880.826797151334	3.052814160224803	31.79839055685417	162.07176168590283	163.88385254977078	227.36224692870306	0.43737259643840953	0.012933896597142794
5828.815517514015	3.7236085586088166	27.461916718363504	85.7028304703907	100.90786304514666	235.59623189848784	0.427019995575156	0.013584340159133873
3647.552332703978	1.646857050186705	20.026048062526705	101.89021103852464	103.0170312843244	144.18725412005065	0.273065805460634	0.008053924394647244
5989.732549901703	4.230053092339648	36.329443626354276	269.8564483647348	162.03649865576753	172.59494469269916	0.45035427708535297	0.011989131203143297
4248.381795099875	4.947478473930992	25.5058724042626	201.85788453046027	66.59856745548468	128.5695278485901	0.3259703717722863	0.008669813443819969
4528.432977716459	6.084281806097627	22.863157700418192	135.91791305122686	72.50418770166895	174.15412797789972	0.33860108289604685	0.009971222131760283
6206.8891756455405	7.174683942523041	34.899938778330544	248.62811759636875	117.59176088320491	223.87017131170768	0.467534359836842	0.012937934105335112
4307.331631161915	5.520191531603043	23.733312694217155	168.042979780036	127.04935949233764	141.06149062876105	0.3256870445501992	0.009117734111525083
3567.535739494354	2.794752951720906	17.392458872134434	71.6824993365934	112.27290087718535	121.29033735105514	0.2634740458932376	0.008170442442838417
5791.618517071058	6.746018949540414	29.915971736119282	178.28662696733895	122.52515982322016	193.42399802212762	0.4324031745143054	0.012670588234425548
4330.555350680025	6.561270484560961	20.592149968599223	114.04955374474403	122.22867001012831	150.48140899630567	0.32130491791595733	0.00972461270884033
3950.4590558829154	2.8005347063850494	20.42800693320729	99.674603597067	115.57730613407035	127.65574558903612	0.2940544008312133	0.008854489435540623
5628.166227965926	4.811429125030279	27.740882938600187	124.24093814866288	102.30806680924604	204.20887373938731	0.4164826142229401	0.012747123475188565
3476.131411337342	2.1948192571962335	18.346557987875993	91.41192026614287	108.08011918254505	117.1156825662303	0.25937748183839676	0.00775281856011745
6222.112190437176	4.619367312798477	35.12899810296869	222.52310278362475	130.24925002443172	209.5684306042608	0.46688761890300245	0.013180385917467653
3577.9882368533886	4.636540712139401	22.762501310181243	199.8514564879526	61.54961405129694	122.22852666652047	0.27788674551933124	0.00703447111728883
5882.03692629465	5.250469685404807	33.94697640994314	237.799508166685	152.54414395321973	184.57900029082737	0.4424275507556925	0.012188432515638267
3314.214513458901	2.8865509616660625	17.670403672173688	99.65092441219984	71.20812813759302	118.46014043253679	0.24856166732122872	0.007286641658183268
5704.617590375291	2.903754626508781	30.139122474811693	144.79964266236334	157.64466729534666	191.65283488161728	0.4238438861446856	0.012681307389461459
6051.7092314224565	4.961903350367374	29.282201001095206	119.23844777934595	98.37452413562177	226.37705432609388	0.4461930113530938	0.013841134261886559
4025.494188448123	4.062851342336065	18.34008295183756	63.95416990360473	71.32135726113653	164.9463722288645	0.2950296633517296	0.009376298596838166
4374.975923385292	3.8992600617280297	20.014690181131552	67.3790623193435	128.93194407083632	153.3712627049941	0.3204977648872284	0.010208944341374097
5261.236842592216	4.382971801651553	27.88621270775222	153.05776483115346	109.17673589344341	202.43396377850908	0.39315248308055495	0.011554263105581473
3816.2280023911	4.590534885985057	17.242911107618053	68.04899102075002	63.1967015079442	143.80309662203348	0.2804092596234443	0.008830080333229993
3614.031723757255	2.6617731157923665	21.24818604372875	142.95851594818632	80.51886126989363	125.25751966077709	0.2749617611286864	0.0076119966488138995
5004.955013328276	6.15682049659117	22.91351723902316	96.83376687299065	120.41055467242951	177.32149723091965	0.3679064838437051	0.011537320134828458
3392.535828833099	2.8327982523380637	19.137104131328453	122.0159512390637	93.93525634474969	120.18390785226893	0.25669318411606296	0.0072603354832371
4275.281510192656	5.506287564433406	22.838739933935525	150.2134455200882	85.5306120462961	163.62443842781454	0.3219849045611714	0.009212544349723437
4669.450526296947	2.6733206219028625	21.81886146842669	63.817644184877146	104.07537038525413	153.5400611821235	0.34178586500332697	0.010949933202188643
6610.049133703932	6.47558989642871	36.72648812132123	243.05295817004935	110.97369675628659	214.02018659967442	0.4963286866961456	0.013998061844448673
6381.335941485267	3.059362034899854	37.00452345290571	227.0275507827373	117.74262967377658	220.89888920628326	0.47935665712190284	0.013496765222799644
4351.741086725199	4.317143063870677	21.493932765342166	102.3436946633431	76.71947060681991	169.22505048770043	0.3227728190208797	0.009825560287605497
5949.871380376691	5.593051278148881	27.959836328526492	109.5698444680841	149.7807409235128	213.6012377457662	0.4370575800850561	0.013708488264917384
5027.086264780358	2.8746787274072854	27.804652112878667	155.549732582018	115.98831077019558	172.45178183210197	0.3771116559616076	0.010932812312979379
4178.052177508269	4.664408544881425	19.67882948786654	86.00077772918148	113.50792693155995	148.6030804100741	0.30803784368003284	0.009577413150772218
3646.0403637457093	3.4096796685505324	21.76121357958187	158.44147257095352	93.25466802400474	135.8071015848627	0.2783917478939106	0.007558452888524491
6068.537213939665	8.961540800513577	29.67073386984636	172.33357304372248	119.85058964302628	241.4922654117944	0.4508274612457613	0.013443519763210001
4144.115238183123	3.492288484363113	21.9470436071778	120.02950122245242	110.80851630174753	159.74770172642866	0.3099941236579323	0.009126971369837141
5891.431383180593	5.065814647026227	31.972501909184583	191.8606381976565	109.57499714826074	187.7545335297586	0.441619317451301	0.012746366937419387
4269.938397618094	5.299701139824987	21.473761864878988	122.16670865059143	107.07900723942016	147.25789866574232	0.31848822452791187	0.00946966887357219
3063.1632064878527	3.1960776318239237	14.180014227106735	55.887437722895605	60.629481353541195	109.4735645940107	0.22543515238720094	0.007073290375372943
6039.955280451336	7.728797238533883	30.143530909423447	173.06433726210875	165.03850342641448	200.0201401551394	0.448383592105921	0.013350590844077224
5307.44716929226	8.353135802917057	23.571667389528937	110.44754900868055	125.84486587809072	188.42929977094224	0.3902728784797262	0.0121859256808005
4997.770781108679	6.8553615178488245	25.972680495483836	166.5988740425335	94.58090911669547	187.25727998292427	0.3748170128640128	0.010855212118790019
3530.0021062810947	1.8493881065312334	16.98414587165811	55.592212632582296	76.96344202150917	121.3923317406902	0.25947398908378194	0.008202623508218109
6522.176730078602	4.457706331390819	37.50830377870554	244.27324197922403	99.37590165732084	197.5562279729604	0.49152634322121447	0.013716484306286423
3981.8283894300444	5.948437475495955	20.047813889719347	124.54985436546976	63.4912297587792	157.24864292091763	0.2980851016075996	0.008744741320498708
3475.839235171167	4.794305540450069	19.395587959707246	142.28225048696106	96.08085588011907	129.61728916341997	0.2639293245363595	0.007321336813141135
6053.044873039384	5.673083846463929	37.07317814128505	296.1929333677563	140.42099779575906	174.66514365131528	0.4573031330573081	0.011933870830248211
6037.2259258147815	5.376742067473527	29.597068130938197	131.5516407703251	145.85524089797008	234.43322456518078	0.44564567737728156	0.013679161414471305
6392.6212735011095	9.060655947377914	35.21309345875706	264.51407144354454	163.03558760104696	212.94052897548247	0.4782941410880509	0.013215601128839405
5239.912369412125	3.544293817989694	28.03063314680695	150.4327698529951	137.9608225201954	168.762107145334	0.39124137512687057	0.01152345551219575
3535.806278801263	4.274905913076739	17.833321419218443	101.64383136606958	67.956133179705	112.34435740634969	0.26421890410343135	0.00783979943786525
3459.7798815142082	4.134153042496965	16.725771020632855	83.406164589104	80.52010209850971	123.78207682622202	0.25667253239870896	0.007812617215508234
5202.752492190605	5.055476174314854	25.021989097734075	109.78057002421293	148.42839367594624	182.30985107827124	0.3838967496774938	0.011859244496811774
3830.455647738126	3.9107092046040415	18.215445783822297	76.5912209044845	115.34059826442507	157.75980153924962	0.2824209051089845	0.008777436556311751
5280.503873295295	4.894626647681919	30.307361220232956	207.71376019182412	109.7766127974777	187.95780783989605	0.39933690361731156	0.01108242728860184
4185.422117736378	6.067429014041394	20.02962409741049	108.81852187379229	111.63644576660761	153.09640056195778	0.31056325201842244	0.009404508692397699
4952.890968680806	7.129254290294544	23.77837286553544	128.71857759101783	90.48284368820842	198.02820214482878	0.3675326860620676	0.011107849009477946
5811.638702771721	2.9802899240593264	27.113031261753743	71.86612663614375	145.32413453257251	230.82422102309246	0.4243569974564592	0.013655439670651682
5979.378815530079	6.351546198716318	35.26438885798893	268.9513522384458	154.69172859762216	211.00480230833267	0.44995123667038067	0.01207550319884014
4546.550188244471	2.351400504663432	28.514454106168614	204.59885222623035	73.25044187062521	161.85365360322302	0.34853237342959964	0.009284030977558854
5452.227120904831	4.417434711878523	29.38305718358309	166.60523173156264	102.08717176723121	205.07705248526054	0.40808779467078266	0.011910286577967073
5587.814359983867	2.837178319963677	31.101434369164256	172.59253263468958	152.34161833649267	203.65716953090015	0.41781631594116375	0.012104591557004551
4535.382666049098	5.55976535770271	21.159342546689214	96.48776119847672	78.93726278892503	153.0705994337998	0.33480518726154573	0.010365367699106731
4293.892460161456	1.7943570689698405	27.96505138474742	208.8352015211996	85.96473940365287	149.83278236989884	0.33056239565395545	0.008621296235027913
5944.609022688587	5.039414570918836	36.58798299419773	281.10789860874274	92.96091996108086	197.4537491558997	0.4530977461469009	0.011954291879493855
3841.451779384053	5.8302938723502304	16.97758661168561	75.00948224698364	103.25854719024628	141.07872123465933	0.28222224534040613	0.008868521697856353
4974.334461857749	3.0679112714851966	25.666397125626794	117.52377341473506	139.4649315033273	189.8264126118634	0.36912559101188336	0.011172925104190837
4232.013462806861	2.2578845344783645	27.63300941622344	215.15246627967062	111.78149859740792	133.52341590029667	0.32593349380346676	0.008396960426818232
4532.278682224187	4.2592538048415065	20.336753826658967	65.54790237046561	82.46643439829572	150.57267203595416	0.33169122391516886	0.010613274595190916
5540.736393207318	5.742736118224287	34.43295563054587	284.2844868235588	142.33292091726378	176.63344109777393	0.4206815694036079	0.010863659332677248
4988.453700093944	4.718378654533048	23.661170433944765	97.1116495081107	83.89271827612743	174.71931319279392	0.36779827810062704	0.011445319332855114
4452.878612111889	5.764726817386661	22.38133065451675	130.0070938379669	95.86588497545067	156.4093349435646	0.33240831377177044	0.009847691986296321
4726.198712067303	2.115139659186275	30.158570707497848	221.55846117045004	93.17772597678922	150.90477929790288	0.36251046384847846	0.009535774588859633
6422.257151805875	4.890215865458377	36.45108683036213	234.6849545800233	102.58728371159664	216.04029546348698	0.4833172572064147	0.013573846976530704
6150.190937378444	4.5135101793719326	30.529695456768323	133.58494698747953	153.79504244859524	196.5492695965994	0.454188370095389	0.013935664766324025
6704.935210631034	4.877342776694569	39.592169333343016	285.2904747234511	169.8594226428485	190.33910142343774	0.4990685385700472	0.013482949873322304
4057.8305783284413	5.207576168924822	19.791897309691013	103.90930109607886	69.67669324582411	161.5158490794119	0.3014498698151923	0.009110589132507304
5787.6653397671635	7.001972308048737	28.76216874943184	155.50374324180802	130.42361789263208	218.54347397611068	0.42956250653338773	0.012896444306419784
6182.05500082068	7.2169557078540345	36.67995144624793	297.8094812006384	163.38629536178294	177.16009028081191	0.4637835918518676	0.012193859322632221
5391.041215066959	4.4091464870008625	26.904007366150037	124.18331719508681	150.3575539554206	184.1440196301602	0.39910097139724027	0.012162095369744224
5183.315981169154	6.529387438637533	29.482284508692864	220.89446626878632	89.93981709852106	155.72271913846998	0.39373379413213544	0.010782323806645979
4529.031306348622	5.843916355785653	28.422496606715935	248.23359029839602	111.40041028897053	137.20213071539808	0.3487034157856787	0.008887196809419927
3661.8863260359167	1.632620568702463	21.555078770552445	132.9817898800112	75.62880581253668	124.82487364833452	0.27781699174050345	0.007800186291234428
3243.608849631184	4.938209933238393	15.074476420037634	79.29216663927106	90.9767926453872	103.79295935827433	0.24019853826511914	0.007350533809290955
4537.924210937444	4.776517585850022	24.515423079439	152.8118082476516	86.78698008149603	173.73916730549462	0.34147686890256795	0.009804448765636584
4370.038911060437	4.229342247504488	20.29397955781907	75.29946588893506	88.77899786198839	174.98197166448662	0.3209637314838011	0.010121731803911325
5743.294144807409	2.6927758817481204	33.86899964642192	216.8109058116522	145.12199728639766	183.1398193220959	0.4322826503006438	0.012016898697785295
4129.74122514984	3.6331934293517874	19.60816700666796	77.03879903251187	128.12295956159377	142.8585285431031	0.3040014636390935	0.009519899208528991
4999.733857948898	3.8175249674876253	30.062072841768813	214.34869233785844	97.82566553193962	179.9720935817051	0.38062806183296083	0.01030589263552772
3614.1021704281784	4.734065782257632	17.744439490668583	98.47678967760228	71.97780230635361	115.35736899353843	0.2692477588682034	0.008071965062780795
5085.036603316784	5.078366549359363	23.842703201684294	94.50419335134484	150.23806953572335	198.27807100905642	0.37369568623718846	0.01171863995230783
5313.9201104088015	3.1023539972022807	27.835244225644708	132.56125614134746	145.47021643502768	199.92042560383777	0.39486622643896374	0.011850668131222583
5614.356741917209	4.875155010869436	34.18791782881079	263.56185202432874	142.18196670100477	157.77431584212442	0.42542237746075084	0.011263707324308841
3427.363599673372	2.1679073995779468	18.199930502528368	92.58536270036525	95.70697647943402	114.43893759747479	0.256108184620485	0.007618927603033773
5708.493793507211	3.6084021723454964	32.16442443689435	191.8367235586235	104.82844804841238	208.0937938889555	0.42901480412104454	0.012259265799274381
6585.349898983497	5.44990218334959	36.5752983631081	230.08176915432787	154.2931116204362	240.03873712904272	0.4914583794337416	0.013952043846962994
3244.3715235748195	3.8412534682789294	15.793509615540966	79.8147989994889	78.55674564094276	117.8527901555546	0.2409156339252896	0.0073102378285939745
3584.147954561565	1.7002306119304915	21.28286146825112	136.53207357336197	80.37665993854937	106.895001695381	0.2726367626826886	0.007579384972332363
4223.888653370049	6.14466001339818	20.549023715518224	119.04442618117757	86.96390902286453	132.899778080756	0.3147416546379994	0.009402298371394873
3393.1091795433617	3.6019354283188205	17.5532659742732	100.50337453344065	64.16596381132791	105.41832848727239	0.25413330850547056	0.007488592890989876
5931.596010000875	7.225722210891649	28.191218761423297	134.80619054556976	172.88101481394145	218.28456365484635	0.43728291465282526	0.013453821887832508
4706.041906712089	3.917811501898242	23.294189800502643	103.73855260226065	90.8562474794302	177.097742164881	0.34855666711583133	0.010665858941233177
6395.1228272427015	6.300521050561089	35.25647455676256	229.8057950192886	146.03287153457086	233.0580226334094	0.4784081040475651	0.01352734119096578
6157.139633949658	6.044751505538744	34.480229521886386	233.63988033244775	129.5050941872257	182.62530068562748	0.462783396478113	0.012969599015438097
6097.966357837411	5.5568738785341685	32.87517070559312	198.6293814988957	145.81901972717023	197.77626271039315	0.45560770197523814	0.013164089600543095
4067.791187455941	4.2854070739286065	21.15575941032166	121.92285385584259	64.20704018182327	133.80591360334458	0.30475455153929387	0.008954152618419937
3962.809730778306	2.633377917938383	22.974793939823567	146.50418344256283	111.96379416217519	149.0874422595058	0.30007858094105067	0.008413938464442721
5284.342456011155	3.6178279055896265	32.07933115037784	229.91814550608828	122.40066571572834	179.99249368457	0.4013074471453674	0.010810115445791357
6393.330322105386	2.6656779808279456	40.14501372983613	286.53126722972087	93.70564368121066	215.72376517601003	0.48572950332483444	0.012903802389428044
4538.57348329621	5.7823985882542095	23.335373390259235	143.91455979740297	88.82368891996109	139.57259251466033	0.34024646019619836	0.009926808460299138
6095.004693951895	7.303134786329587	35.07546829834713	266.89997239120873	172.58397077468922	218.40300275187886	0.45653378176589	0.01236993427513145
5762.155991760755	6.4285127431936955	29.90867737644767	176.92936525991212	170.87575846877917	195.5865310485632	0.4291315293556909	0.012590240533909728
3701.3048334711484	4.610854621352483	21.856977726986095	170.71603277866774	106.12112595428921	133.97757952018193	0.28312362004974384	0.007589893823053399
4278.698729752229	4.152982634975209	21.87457619293123	115.78603460128807	131.44416392801685	150.66749233418267	0.3187605393782764	0.009520922840624762
6296.449849889681	7.735565921406325	37.524213002647365	310.2241959507279	158.4354387134697	210.23605873517755	0.4718137397762405	0.012301952720637884
4322.635094120296	3.4208584990524065	25.628922750424888	179.62471093177305	113.86471584695346	144.20784704827946	0.3287999106862555	0.008996900910260865
4868.899378579979	3.26022993296511	22.090932272911584	58.25234784435185	149.84846749515575	164.6586010028019	0.35494543821070573	0.011513584078536511
3840.8618167004583	5.464710745796455	20.076930127535128	134.8514727554677	71.64898430221828	116.24961965313673	0.28940143871582114	0.008302252948504136
5617.498059940377	7.26054661337653	33.30576676202598	269.71660877276315	109.27423725486325	178.36513226941088	0.42748907851105905	0.011334057263025887
5427.96055996748	7.795285609233847	26.261306706042667	148.9674096555339	115.33936221191398	172.38851147099277	0.4033104239000007	0.012107111159608087
4344.994609030027	5.644017630772454	24.56562589218257	182.63905232586444	86.55017501589447	140.1431402987548	0.33035273065752313	0.009087638586022106
3585.6106857484037	5.074875498757371	20.466319167484432	159.64081302481856	78.00793224911276	113.72891290484517	0.27390319540515917	0.007430873665334218
6012.876668495572	7.5553154476270645	31.48099453863397	200.80359427776474	150.62909580378744	210.80651545362306	0.44907549060064234	0.01296635589546848
4260.880992257531	3.0992843529770786	25.061522097704835	167.78077538066015	64.97317397289194	157.35872041622125	0.3240463670992535	0.008967221721349318
4966.051291895934	3.7423355535172336	27.60924043282139	167.52295663550692	98.90435271767768	162.80131209063464	0.37384726382415867	0.010701855458505929
3913.4400983350115	1.7741065332010637	24.773805843126716	177.81663552493055	87.83290771970262	134.04434159753964	0.3004045938849694	0.007983807923810008
5144.475580761242	6.2652102176705275	26.818396688818748	166.39559253784824	129.8769111728783	171.5089969123156	0.38512123925686315	0.011192375974067952
3845.653545302863	1.7276622626931921	21.41733144679794	113.70525917287226	110.3817669092434	151.33409913581664	0.28852763600138576	0.008425429366397013
4700.7106578013645	2.8787384119433597	21.29822192258319	52.75456041650382	86.22757925822067	167.33729639539672	0.3428754798563501	0.011114686198401622
3171.8767500284202	2.417028044762873	16.233579187577586	77.21498046178776	75.41172937838664	119.26966383475835	0.23592910834336184	0.007134404755508407
6441.546379734198	7.4172644800845	38.52163896932454	308.59092990528956	119.10750196704163	223.18939738466256	0.4869252966621054	0.012818480148394132
5305.3010567970505	6.265432358603697	24.366563459866587	100.85558993096222	134.66642006587622	201.40941274346778	0.3898926722579686	0.012216902130360554
6172.552950813541	6.618656810090388	37.07151498842038	293.98019167977395	111.32883817944034	180.2591071525417	0.46844937780263257	0.012366769083514858
3735.7091548060903	2.892808177952966	19.71574291518771	103.80405412904368	100.60867906130495	140.05118077948492	0.2791954916424604	0.00827416649319414
5458.389407081857	7.328657740698548	30.894668154159685	232.61760234544212	110.6812865038442	202.48117024801323	0.41328531768447313	0.011317532533227473
4867.259179126707	5.228740663659586	23.291816471736936	105.81124351923717	112.00591266149162	168.72421746895776	0.35950898958423905	0.011091272047894875
5222.66275473238	8.186413735745402	23.212367597668788	106.9070647390663	144.25541813076032	202.69844008538288	0.3836501079789514	0.012007645432543863
5765.954334967076	4.565997088136306	32.32206393620003	204.66140423312277	93.45077666994987	177.01007636126172	0.4345443767310698	0.012302937082480155
4955.630533443792	4.316040926923675	31.342913959493913	252.26231191013727	125.62228261868016	175.1574173298298	0.37910557781746346	0.009779017636164164
5865.629028640536	8.540624922082552	26.598566726885263	121.82720529595129	162.321751563739	241.36101323691193	0.4308716375110657	0.01344394157804955
4033.564149057176	2.9167889923838426	23.83188238151187	161.85903075586938	62.89811481074903	135.55452867482182	0.30725564045385	0.008467686392663685
3598.7505172571373	3.0653676142307225	22.398415767505416	172.31952759169744	92.99300746985868	125.96739863233574	0.2766770458501338	0.0072979862773767555
6118.507449711204	6.482579828501753	36.026007785431666	272.85485901400347	124.73298537686334	206.59064064494493	0.46229355392229765	0.012442545577196682
6061.923462375688	3.5135623561509877	30.76735835715321	133.75448351193782	186.941797872157	197.8734201092398	0.44763898644778577	0.013688566726963381
3885.602451013709	5.219428239958913	17.39541369487671	70.91194352523915	86.91627033601529	157.2211881701563	0.2851739075475236	0.008998487245731383
3652.301171439991	4.4901079570489735	19.904805408457758	133.7883538405522	106.0401031954703	135.47563258415087	0.27575246786332064	0.007824287947306953
5985.073306896636	2.7266947283209384	35.46778197955789	230.39650525371798	137.04042372243597	175.20384700185923	0.45069907647028595	0.012465837781522736
4766.429106241049	4.532013574001051	25.579169554627914	153.59218138496544	126.79148090546298	153.63747405451272	0.3574559609182952	0.01036525444325712
3503.5425998603755	1.7405724579666506	18.934834477837537	96.26550641258183	68.57792897901075	109.63269534431295	0.26233337857615135	0.007764217182093603
4350.22491976511	5.5080244156153055	24.89443981889315	186.42835123599207	71.00815671132969	149.385295118751	0.33144333712779267	0.009058807365297444
5308.209872014486	4.881681059587485	27.596326622555953	152.46010629280033	152.27049939530275	165.9241370145026	0.3956989619796951	0.011696098838447595
3842.419003597227	4.2638478441647925	22.05373390196156	158.10903593667365	76.12369652664526	133.66755806458306	0.29233357289659717	0.00806623002891585
4551.844962231167	5.98347988486509	25.87932730763382	194.91290769785599	71.37946417369962	151.06431528369885	0.34661893223603074	0.009481340918536082
4995.415206912696	6.848152130900662	30.38279771530023	259.72537482859656	70.38711788833871	145.53375205011	0.3845601396537258	0.009953779471590696
4957.036293385171	5.188208713614105	24.041329471434533	111.00498539834184	88.54070731644505	192.64600701319247	0.3667109418971606	0.011247919776029913
5444.861138370296	7.02451338974302	27.238569657406536	155.20415011444112	101.59915999049007	206.63017694916937	0.40555202199781015	0.012055780820031985
5758.2341889812515	3.2234242420836625	34.010434142323646	224.16863488996728	133.67639971074118	191.77499131975256	0.4342250243002215	0.011989252510614404
5696.640324955311	6.791447894925019	29.446524973213034	177.3899610973219	142.0648382661054	195.0035126565806	0.42508222979659466	0.012439914549805016
3738.397349753751	3.4003977683717963	21.930200017112764	155.28329764293153	75.23505898415853	126.28269273975924	0.2850842523932681	0.007808465672966773
4848.752010270609	2.168053174139871	28.589388722671	178.34664811068325	141.62281139838976	170.8982786126995	0.36603658567898184	0.01024599712949051
3616.1071628980044	3.0915782610220193	19.72310248735367	117.328525488034	79.54059062588489	127.10337217632748	0.2721594749683335	0.00786311786695157
5965.512296828893	6.135742871548936	28.50203747907644	125.78090620880553	132.1297696468823	220.29369920256525	0.4399219518497108	0.013583898317181358
3895.744528269086	4.030601830795736	25.241051246777268	215.58344362323865	92.96346193507722	137.07262714353	0.30186725876443926	0.007619167660115822
5968.732794714991	3.156612474938476	38.02341520412591	286.274978324336	109.22708370654168	207.4799464909153	0.4540066283057821	0.011864117120621503
5228.378776543691	5.708104804810202	32.06666957215617	257.7129800192981	101.51053162845605	185.5302748956661	0.3996318390045692	0.01047902236445776
3662.3618119329317	3.8990881765882124	20.8106636498194	146.25922732507834	75.08841790028268	112.63480784537933	0.2784728863251438	0.007722706723171398
5264.407113815089	3.704699804984523	25.182325692517352	88.88596523562016	150.1623280379129	215.27240064723088	0.3865750140638053	0.012168288812901842
6594.83813415004	8.937849066849896	38.142418225687216	314.57960162575085	176.2597646552283	216.54616056955058	0.48963985250196146	0.012908038047893661
4168.245378438449	4.1787505103254	22.90085130967593	146.47147888807717	82.371685595263	138.31494896101327	0.3144501510263799	0.008973872459288261
6558.962729744354	7.068397098402484	36.47872410790465	255.13111999375886	167.16872451264595	191.60697513646588	0.4897439963251662	0.013651805372720774
5866.330576917538	5.005258201208327	29.92688337638488	150.80091843881186	102.84671719981333	196.75214947237995	0.4361110450589489	0.01309226588558316
4671.549330035138	4.708472081879147	24.302651011618625	136.9450908252493	132.48377173426698	160.83060010570557	0.34876560561789405	0.01030305273372763
4908.3101352712865	3.155405984521172	22.665250500212203	63.87716173834815	88.72177284616647	186.24001088562014	0.35877544482954943	0.01153270994466132
3594.403441484594	3.9049727112264274	19.69531557978039	127.83633876056992	86.88557590455846	129.49144490721443	0.27131109879016385	0.007731475110528759
4610.543052809479	2.4164096159891817	29.493628696769044	222.2974482518754	106.07717393763653	136.32921197854898	0.35366443312859985	0.00926535272734131
3348.172169678927	3.5241310450901655	17.936196677646475	111.26755940236308	54.461409212650544	105.88978554061634	0.252314053622671	0.007267977300108788
5680.781468601192	6.039610700423645	32.50451310840425	231.7428761698485	87.4082857279104	195.6943605413433	0.43054084792287267	0.011850041016152172
4760.376557303937	3.9314538667663324	28.488400788453312	206.4934285069085	98.48568142274911	150.61051241166135	0.36287238350572104	0.009811370318909468
3968.504125832888	2.4381257647285883	22.162443636492245	129.10254551120352	78.48116801226462	122.36854220398088	0.29902276501306174	0.008614379728925727
3790.2983208601413	2.202863545755173	24.220793915732035	182.9347246053203	96.73707256435331	121.46483830904697	0.29170350105803716	0.007652790317001727
3541.9168003453474	3.621913250291428	17.46568757989846	84.67605932327015	101.40064819043812	126.5516433966161	0.26278309293907076	0.007999968810774367
4552.252035839412	4.985511738087187	24.57479249505999	157.11517400936557	95.84008685345825	143.32094589596826	0.34264863356632597	0.009831762277485341
4982.968803963282	3.874100434876002	24.807655234248557	109.67033958020609	148.2658958022084	182.60121395068023	0.3685553868890581	0.011294022926372299
4775.581129328344	3.290512279583744	25.443336290711684	134.65667129762488	109.65482617306394	161.05936423002063	0.35690529199696763	0.01054038708653569
4838.486082539583	3.5662701800516414	25.908525246318227	140.6384523701122	113.42013278815193	179.95289754080204	0.36186353729944637	0.010630802105721517
6492.196008279834	4.1170286602461115	36.69879689259741	224.2058615440106	128.6307512070171	223.89554826740218	0.4862613439429456	0.013809561829184653
4248.959399377851	3.7696360876143795	23.0039930274554	135.74944173191992	120.36052443444362	155.4463862409829	0.31888140769502227	0.009251491866306954
5264.544080659405	5.11585366831101	31.74255497924229	243.72718257351707	98.58697100481116	155.4328379511551	0.40165933556663413	0.01070339739375404
6047.652398456231	3.355441995079258	34.453533686538954	207.09901101654611	156.1173197511198	224.32868004655253	0.45243947574457377	0.012863715019824539
5263.010980180648	4.538783705380421	23.621023946932556	67.63015293787961	97.10989679338266	215.41649689702396	0.3840674208021953	0.012385225867564617
5390.885654785425	6.12865622668866	25.497971668917444	116.27512305176938	155.17457941886488	174.35223916240346	0.39743211644796	0.012304111013190459
3805.7563369242985	1.708869580262625	21.856157002639282	127.98552285180212	100.92476570690147	120.47418499983526	0.2872822131198245	0.008210642088561532
5917.49898791817	8.498689515252698	26.219093273152524	113.0422968406033	115.72036322535295	198.5354239504657	0.4342765395979963	0.013669743704333139
3474.7784871284234	4.936089014067319	17.814249352033798	113.7451251372592	66.0921903061336	116.05873041331954	0.2609047972546313	0.007590417590646225
5577.075258504451	7.559064753690064	30.86749091284815	228.48766822188625	150.79360413655112	164.52674580028557	0.41998421443153977	0.011649848876713328
5450.661013391093	7.512353974637077	24.93615941592469	114.22400870157504	148.86538197871172	202.99705557048955	0.400985920666989	0.012486779665287377
4341.766415120773	3.674661691819623	27.773216855012215	222.7503061197067	66.17290542568287	151.78717605156913	0.33521282920250234	0.008659855334074481
6106.6016465349885	8.58546988591474	31.52890280150007	203.76759230174994	143.46111899831385	224.74330574107518	0.45570623216784334	0.013214473336210576
5616.749967409281	4.153897696432572	34.60528405639965	257.8828438671935	93.03609659004702	186.45027505735177	0.42824589017673936	0.011393131309899652
5932.012829000203	7.696738887796366	29.689168820035952	172.26662000022324	120.45773009035541	202.57629143174452	0.4415753378454734	0.013098176263771435
3775.9828094756	2.854695131873454	22.50225727450015	157.82606597148555	89.99794669504325	116.86146287121406	0.2880733864855877	0.007870654852432738
3761.2970620917285	5.7725993193025715	17.860118643586343	98.30357611280687	74.11591563209898	146.7085798429633	0.2793212478027157	0.00844286429811848
4736.348368843962	3.7238230912664525	26.51786648267908	164.2132084899061	108.30142811184098	169.53944175480183	0.3569033566239516	0.010160772911343948
5980.874632074221	4.08340637350771	36.77598679240743	271.40044582605026	120.07847635052686	214.5301366801199	0.4531765769587518	0.012032350423167967
5390.164572534662	8.281619546795978	26.026274246037858	151.26632614424366	131.93765176429415	197.04883855762023	0.40037637631240885	0.011989151436944357
4288.171092386918	3.8085735273812764	23.818922083245983	151.17904358923207	98.40984556184942	138.2431742175656	0.3236836919920679	0.009199208537684887
6328.405717199703	8.501281899663478	35.15297334937526	261.801381985154	118.8591470519604	187.08775688286843	0.47676238286996886	0.01316535530629871
4676.210727978694	6.771664839243144	23.069142793923927	137.0481044215165	98.91156723840577	159.0553918514304	0.348809851809732	0.010347370656292815
3698.4741459305706	2.1187184753545205	20.139222231328777	106.18624144567725	94.02494459914047	138.9265994872317	0.2771295745664305	0.008145868625016204
5694.708258908752	6.376685714592238	31.69819342668397	218.047219236952	137.0718718450474	205.66812520155227	0.42830952371578407	0.011995157017402905
5819.595509223242	3.1075589564992243	30.279813775351492	139.55376216824575	100.17540269487037	195.10434417731895	0.4324658287711871	0.013037840379739988
3645.900704053591	3.2272854474731494	22.4487699839826	170.9494729632196	66.74503130519709	128.2965736142359	0.2802276834748454	0.0074351845860635285
3588.797473365565	4.717239989614338	15.882906622706681	61.58066306421373	100.40228278017253	138.01103057953284	0.2630643006783241	0.008343044243152643
5761.024928004639	4.816010103916093	28.191460034430555	120.9227374198624	142.94586376006458	216.5207439169392	0.4250800545437344	0.013105561191814377
4048.732561741936	3.5613879027092366	23.80630382784357	168.36215835803995	107.68780508318932	133.99167318294255	0.3081815162650672	0.008442534775363048
5133.559293900695	2.148001312511447	32.18278837943897	228.304617995353	100.19255775600845	155.15156965592968	0.39184210779845025	0.010463411304354246
4130.229495898657	6.201085552841167	21.52186261072014	147.36129688399413	121.60418366519173	127.18907247416952	0.31072784388084446	0.008909529722811612
5391.278406111601	2.8120010592503117	33.514684310194966	243.9046121179346	139.22241498607386	154.90190377001278	0.4092171252993121	0.010879497565192821
3844.220003708031	2.5724620302054317	22.1038983556979	140.88985291220249	86.64845514800277	116.47310766270975	0.29137180005175217	0.008190922621240838
5755.455627197808	6.8432837527843615	30.02055962242802	185.8614764581213	157.3922952669661	186.36726997423423	0.42965967713323605	0.012491938855256696
4245.073316566746	2.989907781714371	21.749414614244472	101.71668757030527	99.5854034343969	159.83943300743715	0.3155720257312734	0.00953649447765232
4465.347172924725	6.101852778722078	27.114043848304647	230.59926879482137	118.8649519833407	137.9409512135634	0.34253545478771635	0.008898230198337841
5005.183478652594	2.3074277285257976	30.645410305677263	207.7330458912968	81.50048479146905	167.73976686437632	0.38135165665199466	0.01038180384264363
3863.506039964653	4.956743159304449	17.47563494562376	71.54691952544259	113.18283360089897	158.83079859442668	0.28379743107060507	0.008925203249924142
5816.075372158771	4.758133580502324	34.34757436336139	245.3015628508235	155.1821978164467	199.1390466332213	0.4378770494773018	0.01190576112823135
3707.8316040306754	5.04964199040784	22.654228312576908	192.54639158884424	97.66372092722087	119.79774566830552	0.2857630031239154	0.007413940342704187
5253.786500249924	3.2750800816895547	33.347983269238895	252.4357539534173	93.1335488743002	187.89032175947636	0.40215944660302105	0.010535688991317566
3328.7173814356734	3.5355494616849144	15.001473301247286	51.99524398888704	75.40890178395038	131.74768397931183	0.24377990994907361	0.007770446739052325
5995.263935536893	7.100158146979625	28.348923080956084	130.0822140283255	139.10390833700657	229.49057400220076	0.441821912444401	0.013651659503771084
5281.651332854827	6.82438091752547	26.605297988450015	157.14081719693576	86.23996906238727	168.77990904197887	0.3945101051228223	0.011643579845564179
4741.471453655448	3.6477255539674167	21.39203091022733	60.93417332153491	85.22206482558437	156.6400239735255	0.3463391401532932	0.011166893748196561
3510.150377502825	5.261057495276196	17.597219336045473	108.31149709342108	87.7396330596625	136.955993712617	0.26247185814548224	0.007732761365259898
3350.9924073649163	2.662410527192079	18.70934411667876	114.13312848726375	87.48855028866036	127.16414336727209	0.25288402562759954	0.007229843607759674
6310.8455370860265	2.9695953005323097	35.72141118895315	207.36817394831385	97.87131420811691	196.67627740961711	0.4740689329427499	0.013550602656133906
3527.8058271022587	3.465248768413359	22.06598131163079	175.83322152979744	74.0242475090316	126.12046174353593	0.27196665707398704	0.007111895484834443
3940.579253434227	4.1841673092090135	17.798635905494724	61.843350069476884	117.09739201261392	158.92038846640745	0.2884141706011815	0.00920159457808921
6282.6947192936905	6.702071590028385	32.13903989241402	179.3216272903647	183.89026070434727	236.35397241213974	0.4659063100532069	0.013799889657056922
4283.51475756668	5.944894490209436	20.33146267609028	105.88219987820123	74.03069195892377	146.1995292658682	0.31759162715407013	0.009670412204155581
4186.9931180141675	3.838050558983233	21.10290485488286	104.63428476809878	129.0160257377877	142.42260669237228	0.31107442753765097	0.009404406849068295
3862.1278702875197	4.908203748030078	18.549333372293965	93.06701555110273	112.32735397953577	150.35573150256903	0.2861544467238806	0.008724868625144641
4157.866660994051	3.520483104872892	24.855862231994546	179.37844347369037	115.3824313428918	143.03051330349334	0.31696082429724404	0.008592042822495346
3301.8738293044776	2.5181776385821273	18.98793607665684	124.10977430861436	90.11585528182226	99.01680407531104	0.2504640402956421	0.007032146879565591
3627.9714693540445	3.5202696682510686	16.17243385708812	49.68748127256607	68.21510964272888	143.14909658982285	0.26515188802228856	0.008516681212970636
3565.4382539381704	5.040499150198269	16.399780711813126	79.23995327530473	79.32029503048332	120.09409724336687	0.26341909129441715	0.008130588166251658
3559.347634002351	4.630429637744545	17.649384640453583	98.3667880203031	101.42457242125693	131.47175538291003	0.26512849153145385	0.007934978349890867
6657.668970894614	9.253721108273668	37.84191689757181	296.7343367283056	98.45529111380509	208.57076527980965	0.5035654567307806	0.013612397898626243
6091.171288200809	5.550030632338513	35.021401914033184	243.01720399460297	142.34611654997343	213.49291597505518	0.45785785840556686	0.012647046819813984
7048.94028530235	9.04502672346725	41.920041647182224	350.44433239066166	133.11476250267387	230.00179211805712	0.5275136506739807	0.013744351207336893
5552.24780173986	7.218045103988595	33.36558702183902	274.5527184084323	102.27206274006217	195.8286138361467	0.4235375237542578	0.011117799204067252
5166.7624507750015	2.5578362951623372	32.32352136072117	231.96737637559386	121.36139600955778	182.65475376101597	0.3933382628345152	0.010472821186589227
4681.978781993338	6.9771037385868375	21.355155112719267	103.14546622140999	109.65053132723183	176.91521525846042	0.345297204436742	0.010682948579910617
5954.83293926621	7.143714143845038	33.94134329489127	249.69391926821132	128.00834220826104	221.1386567352414	0.4489803213944365	0.012319994885206405
3512.6666072271687	1.7687766247435732	16.11511992239227	39.06560948891659	102.4651132749736	117.41774527080102	0.2562727577510935	0.00831565257478198
4844.035382296311	4.806472644693498	25.248994916909687	143.38146060868215	134.39685948046264	153.12177119741528	0.36174542954379607	0.010669516881901256
3987.0584036258374	3.2003692947131497	24.12107066495118	175.4017487409409	86.39916326689239	127.97787375109503	0.3048062971182314	0.008236348203912777
4952.727734263423	3.7217188545092954	27.60898679637448	166.490877102987	137.93866710101844	188.47607244088243	0.37196726066906977	0.010657023935786195
3617.673065744891	4.658845875442622	16.89828845413053	78.69651711939514	111.85075183913781	133.86943905007737	0.26703437825784054	0.008262827226301207
6588.7164574827175	8.007678822518825	38.45755216678221	307.7469684661408	162.5648003937817	211.0971759976919	0.4917408771521628	0.013041986379278461
5940.813209857265	5.146723229693942	36.56348275993647	284.4060243417048	100.2249525809378	179.08245776150366	0.4525883812348314	0.0119021429037253
5690.287143802417	4.845916247648503	31.184607013503694	190.68303764464352	124.63567502670114	186.3327496233035	0.42680429986046037	0.012248978971526072
4306.064346344051	3.3272710048369416	19.630758859565336	57.835493134071164	77.21400241088467	163.26479234696183	0.3148466893510055	0.010109123041129757
5116.863787518662	5.809842954535949	24.733735102659598	118.5091373721102	88.68014480450417	200.05247800265704	0.37879813294743875	0.011575959627332131
5519.959754973009	4.329377411934167	26.11322416694279	92.98064905877209	125.80301843415783	225.92205729237017	0.405310817531916	0.012762313924997302
5473.600664100813	2.8509088888092933	24.779040445091088	51.61831902651089	171.28422274538687	225.65595276409928	0.39766411207719143	0.013030582558390413
3486.031448676875	3.2283506084029696	20.758992824977064	150.92079807291657	83.80161934717734	119.30296512823102	0.26632376291138365	0.00724011325251732
5323.551067561377	6.000757432467407	31.425932504845008	241.22212932976203	114.68875953056695	180.98614859438626	0.40462577826158885	0.010865623708269748
5800.149447369035	9.147561347503402	26.553584396249914	137.9392463902722	134.05508036952227	186.78465302792188	0.42797921779452586	0.013167219655921467
3576.4158068236643	4.682898252969988	17.564992068583802	97.39008112033613	64.77839034836603	116.45624792411316	0.2664768342118567	0.007986179277810793
3588.6403752085553	4.124584569039132	23.166653903106248	202.95662424467997	92.78513424046086	101.15057613007912	0.27859108126692694	0.007021575749988295
6168.996232250536	8.536163615188242	30.333183627392067	172.70991776651022	148.4643073254568	234.2884513501653	0.45755624593580063	0.013678979272410522
4270.270156094277	3.5213445108063337	21.12720804795532	92.18858908073122	127.75057117278526	171.89922455016605	0.31584258932072523	0.00970235517544342
4578.721749493395	5.500875105760839	20.598569767734627	77.7766358072696	124.31994749910491	190.12490758981963	0.335506944040627	0.010637149643257638
6600.206517415563	7.373487441956157	38.94260844545594	309.03618877963095	148.88867638203175	192.4452319563591	0.49461461658095346	0.013103511790311738
5795.350768811459	4.571585388463356	30.22149487803701	158.017791586923	156.28495802857265	197.31628833116486	0.43086310041523074	0.012818577424532938
3096.581074637209	3.0245505160870545	14.09284255007356	49.505007229642025	51.68551841525901	105.54450221880265	0.22714007439238962	0.007216040518491733
3786.775217179076	2.402540612248657	22.48308560812832	149.17424347242724	61.9986797900731	135.70958011962804	0.28831174709740187	0.007972914397053539
5976.989145012343	5.199807682894393	36.11647380519252	273.3803206152747	133.20305990266013	190.3877791126501	0.4518757466095236	0.012043301151609821
5383.364772982089	3.424358856925227	29.24044098225384	158.73139113322284	117.91242455452758	200.60959107595355	0.4025957557770223	0.011778361001689145
3821.355501202277	3.5938715686085545	22.732431625163063	167.4192357917289	72.64807421235425	112.35858326087538	0.29220563370373676	0.007919277479862943
6406.558902531874	3.1046636537311003	36.33716117204283	215.97660658927813	164.425099313134	202.7198400800184	0.47819115616250607	0.013596502506575982
4689.644240504983	5.771980234482759	27.787781947136807	219.59892954087013	104.2593388894064	158.95031977627457	0.35817065008161114	0.009544983198244468
5405.475354106829	3.7262530431476035	32.9505531654863	240.66764830252956	129.27624036649777	165.62945065178536	0.41038703971911855	0.010985146626048981
3538.87829870449	1.9663935428148174	19.856087477787845	112.47095356759702	98.09565999819482	136.7965103411502	0.2664620300096312	0.007685224940718895
5109.980642757597	4.19116680456394	27.10272003032189	150.06103224907503	153.55075021702257	175.53949640055149	0.38145944315214864	0.011212730798765653
4423.391967297569	4.170285284243016	24.949122148679493	166.18340439515012	93.66745940944038	140.79397788769663	0.3347289428991527	0.009406233670902134
5384.07766200168	6.3340824433515825	32.342588779448256	259.71558107542177	102.47425278870026	160.15677613058935	0.41079830481694624	0.010867329012808638
6073.283973862767	4.645153198914699	32.86147864123512	189.3900570391061	151.01712290268293	208.34746446741408	0.4533100040782883	0.013149798844052214
3770.9004148650984	3.46300611762749	23.46791718231039	184.52573788710797	98.32209529882321	124.22323901041965	0.29006810623030654	0.007607077011028739
4742.064399332834	5.143234405202322	24.640413091735176	141.3058482350983	137.7376653867653	182.83598686291276	0.3539973657532407	0.010431262361369285
3476.3114134742336	4.561585133619197	19.90302935032966	149.80282580353696	79.9856381769226	130.0829336179114	0.26506914769206347	0.007242482130647764
4964.118948517633	2.490237790962691	29.966422617373688	200.20214980181862	96.17136068026674	162.529397644805	0.3772122871266266	0.010354915270347653
6374.934785210602	4.8828545472371285	34.888650219766944	208.51047329138126	164.0050352084114	203.04206863554194	0.4753002776374269	0.01369426476649634
3351.2546890588633	3.315198000289052	19.14949045051474	132.877005500706	57.4008974236773	102.21210308938588	0.25502363670799477	0.007075975804953744
5428.396611634651	2.5128053412451403	33.648719143447174	239.76561895771002	146.09621739499812	156.455864393482	0.41125317174131576	0.011001656690450771
6580.179925222996	5.963355142131324	39.50400788696692	299.53144691796257	111.69285960442387	201.96540803150666	0.4974292729652621	0.013273463232055114
5980.962474724182	5.079392937394815	28.596766399017444	113.50396534432797	174.79283582609247	214.55367170245128	0.4395744701609093	0.01373515720168994
4196.241019697457	3.6704555353932515	25.9348689939054	200.93179526365563	66.49294369495487	120.75922765027538	0.32278566303053463	0.008512932160347562
3934.033287830882	4.679175751258284	25.134867600328267	217.92810267308207	102.71805938729335	130.35165855780906	0.3042269147934886	0.0077195378384713855
4148.884961966619	5.093072905402852	21.788443594419782	135.87756822379455	98.21058676026914	156.27065679407653	0.31152944713285763	0.009022094636798924
4864.577105935323	5.39311062599577	26.43229459521073	172.24216188591976	86.16569531869618	155.61532376159485	0.3666122778403196	0.010456152276369944
4831.474658412835	2.713688090827612	27.80542926970995	171.8751452625123	138.27928944902087	151.3825028069979	0.3642336034096405	0.010295611517867651
