4335.699922434558	3.3759975151487676	15.226276640410994	166.81413594527018	106.10277904753269	154.33131497822936	0.3233234911033426	0.009645707186139335
3982.623253282078	3.100867896701512	14.013705223642999	153.66593169219271	97.45584818204753	141.75396099206912	0.29718446749793503	0.00885962256200432
3365.6536028287906	2.620261624006818	11.872377611199541	130.333452041109	82.35107961164285	119.78338852602597	0.2513627032543189	0.007486461782876623
4169.78744387998	3.2467033465292783	14.657835099103798	160.65721063795982	102.03924803377733	148.42072441276702	0.3110493317218622	0.009276295275797939
6516.141671820693	5.077477478856303	22.360394745077365	242.38768155793343	159.5778636211981	232.11325617628816	0.4825195813336123	0.014507078511018009
7734.005364652208	6.030622538803643	25.719292833549297	274.60898355840925	189.53385121954304	275.68560177388076	0.5688398435840379	0.01723035011086755
7092.339865892772	5.528109579639835	23.905842775468546	256.91206581659804	173.74058678868053	252.71358078353535	0.5236583132504886	0.01579459879897096
4475.139071362542	3.484675204462989	15.701996295215697	171.95655314574017	109.51836356883682	159.2994379183081	0.3336262383055731	0.009956214869894255
3055.5369603889867	2.3787467279652477	10.787804754335495	118.4743127435119	74.76061145033636	108.74270756412561	0.22827566535439825	0.006796419222757851
3109.1736989994483	2.4205159882056164	10.97570736639734	120.530501753386	76.07335962931937	110.65215946082817	0.23227089644692345	0.006915759966301761
5012.994029164382	3.9040108383224386	17.517115713305394	191.47679811322567	122.6974834901338	178.46906689474005	0.3732407865767368	0.011154316680921254
5625.447808697302	4.381822638131903	19.537422398487003	212.96509863112522	137.71442576985982	200.31189202888697	0.4180574231931335	0.012519493251805437
3293.6489701803125	2.564182281269011	11.620971253195577	127.5865513092174	80.58858598274034	117.21976142944051	0.24600504763813533	0.007326235089340031
3224.715624733941	2.5104967411773855	11.380042792532356	124.95290760531257	78.90132615128927	114.76556531096622	0.24087425826639805	0.007172847831935388
5534.1210224299	4.3105487758986465	19.239782619005855	209.81832169305196	135.47439009967175	197.05365832679527	0.4113971217962334	0.012315853645424705
7348.480038537289	5.728610676022385	24.643663661120854	264.1972672035193	180.0420498178464	261.87934518959474	0.5417794181748681	0.016367459074349673
4440.694180725154	3.4578279118614192	15.584661448090138	170.68910276921676	108.67459151564461	158.07213311366488	0.3310823523559188	0.009879508319604055
4919.758967790052	3.8313038016742578	17.204942596871266	188.13227708925683	120.4124051954767	175.14531664796607	0.3663893521343362	0.01094658229049788
6216.806695446521	4.843573021934229	21.429110249051277	232.77625911492612	152.22658068936147	221.42048100270762	0.4609634888003308	0.013838780062669226
7645.584990485503	5.961330385247062	25.47647501220415	272.28257188526925	187.35609782205051	272.51796046843714	0.5626573161680357	0.01703237252927732
6548.588094901969	5.102839310277828	22.460174024525198	243.41098893296228	160.37494975158884	233.27265418412927	0.4848489661648212	0.014579540886508079
7328.786163307983	5.713190526983082	24.587569168773204	263.6471936730837	179.55741656232541	261.1744240906551	0.5403900383301267	0.016323401505665948
4562.311355914001	3.5526234297341905	15.998398041361668	175.1555057667246	111.6538792202174	162.4056425021344	0.34006076544386765	0.0101503526563834
7766.972028142104	6.05646146662431	25.80921416394008	275.4666726666801	190.34593180819263	276.86680990282565	0.5711411930526545	0.017304175618926602
4751.800085543709	3.700343770179177	16.639854037562746	182.06403904524618	116.29651849134557	169.15857235104806	0.3540296480444185	0.010572410771940505
5343.590561081465	4.161882336218593	18.61457336452767	203.18576323437398	130.80201628115577	190.25747822713566	0.39747555378721594	0.01189109238919598
6471.6154455986225	5.042675967322914	22.223086362555584	240.97734693936943	158.48410183014875	230.5223299347618	0.47932062045134033	0.014407645620922612
3013.5802510735934	2.346073845835892	10.640735525680714	116.8645350669995	73.73374944055662	107.24909009535509	0.22514985834081835	0.006703068130959692
5691.415270373206	4.433311167512764	19.75155573677624	215.2244573188683	139.3326366932583	202.6656533720121	0.4228629751855614	0.012666603335750756
7608.970891019678	5.932641670887108	25.375236147927133	271.3082776435361	186.45445251359482	271.2064763834107	0.5600929541486444	0.016950404773963167
7858.103505647972	6.12790095383023	26.05603283924022	277.80977971049793	192.5911728346644	280.13261503223913	0.5774921762764366	0.017508288439514946
2900.7417743365813	2.2582059344897565	10.244859078371638	112.52964809480203	70.9721865125352	103.23227129096031	0.21674088281497847	0.006452016955685019
5908.995915047616	4.603171676792027	20.452491185693535	222.59173288537795	144.67110984203515	210.43070522477842	0.43867999498071314	0.01315191907654865
7681.032203031946	5.989107325990229	25.57410396499503	273.2197329747697	188.22908738826433	273.78776347383905	0.5651376008826022	0.01711173521711494
3042.284624385945	2.3684266982751203	10.741359734957172	117.96597815108849	74.43626766007522	108.27093477829122	0.2272884107192111	0.006766933423643201
7154.768162110584	5.576966374752945	24.087292616329748	258.7134131147494	175.27608606366397	254.9470342744203	0.5280848960390675	0.01593418964215127
5337.303150346386	4.156977054323985	18.59384715499434	202.96539014527528	130.6478502787538	190.03323676909645	0.39701555887603696	0.011877077298068528
7819.327916944658	6.097502029399199	25.951331057335903	276.81784200540375	191.63577806683196	278.74294991539193	0.574791836262601	0.017421434369711997
5715.013862334628	4.451731397963217	19.827979029411534	216.0298615886251	139.9115582217011	203.5077210497471	0.42458095857172323	0.012719232565609192
2849.142279947151	2.218026348145386	10.063670660555486	110.54482073086123	69.70939951314071	101.39549020093195	0.21289445387644157	0.006337218137558246
5914.279344665518	4.607297041193273	20.46940630566369	222.7689563238717	144.8007641517886	210.6192933116925	0.43906342031575635	0.01316370583198078
6518.521977486949	5.0793379979424245	22.367722662816874	242.46287944588985	159.63633707819048	232.198308477368	0.48269051680637304	0.0145123942798355
4656.303805356416	3.6258940044797487	16.31708094164572	178.59030424314514	113.95666871222069	165.7551544905028	0.34699294540196113	0.010359697155656426
4011.2420364839263	3.123165911751429	14.112383543090838	154.73790774473363	98.1566429407592	142.77329882292247	0.2993057100056268	0.008923331176432655
5535.228248324551	4.311412830091284	19.243399249422325	209.856601274427	135.5015460885832	197.09315794703014	0.41147792028745467	0.012318322371689384
3761.057761947443	2.928252321234972	13.247637383054249	145.33328631779275	92.0307872388134	133.86296325645586	0.28074821376482	0.008366435203528491
3612.9630006723073	2.8128893456622492	12.733675778985727	139.73319534403026	88.40509372081354	128.58922723027425	0.2697496279917747	0.00803682670189214
8021.902875373091	6.256349725595911	26.49303516489541	281.9161260670188	196.62813423301432	286.0045588843845	0.5888668097222229	0.01787528493027403
7647.9767418413485	5.963204517069113	25.483074295019744	272.3459943748401	187.41499910788642	272.6036350660166	0.5628247429296409	0.017037727191626037
3854.963546042149	3.0014086256568495	13.5727601238372	148.87191526507502	94.3299853777867	137.20725145859882	0.2877172433183229	0.008575453216162427
2930.4868087522873	2.2813681888104753	10.349262513479587	113.67311340608869	71.70014307690064	104.29111720276455	0.2189578818353456	0.006518194825172786
6023.147788955625	4.692310527976207	20.81679750090425	226.40241759383522	147.47261659353794	214.5056241360552	0.4469569916514926	0.013406601508503448
4400.003747958709	3.4261137287187977	15.445898033430833	169.18940108949462	107.67786004544794	156.62234188428792	0.3280762314563336	0.009788896367767995
6531.354595441446	5.089368505755604	22.407206886140774	242.8679379570354	159.95158160946184	232.65684597739903	0.4836119239356533	0.014541052873587439
4044.15628266296	3.1488112577188074	14.225791593747857	155.9694896669626	98.96263952830539	143.94565749571692	0.30174480974708956	0.008996603593482307
6421.8785859859445	5.003805264697074	22.0691946348777	239.3937979035002	157.26245117619376	228.7453835290091	0.47574413463093623	0.01429658647056307
7633.264221274449	5.9516762395124845	25.44245254759495	271.9554285522213	187.0526818132495	272.0766280919993	0.5617946741084625	0.017004789255749955
7724.975190210182	6.023545166532992	25.694603471952245	274.37312263244934	189.31141951960834	275.36206475579394	0.5682091046320397	0.01721012904723712
5522.549017523683	4.301518322478833	19.201972187189902	209.41806168693037	135.19057584933472	196.64083759903232	0.4105525953011776	0.012290052349939521
7932.891674327529	6.186541550760006	26.25663132777557	279.70164780725986	194.4341630238859	282.8133280347431	0.5826922049887072	0.017675833002171445
3659.2749707001217	2.8489643816940546	12.894555678744883	141.4869060219239	89.53888056752743	130.23837173458537	0.27319010659297166	0.008139898233411585
5493.796769487426	4.279081532245852	19.10793446182243	208.42209241183352	134.48541958486965	195.61515575981042	0.40845367661497856	0.012225947234988151
7957.238184720568	6.205633932721129	26.321547964852208	280.31140115073	195.03420931409264	283.6861226386802	0.5843826557265757	0.017730382664917513
3734.3811765419778	2.9074710070241396	13.155164444693241	144.326247736486	91.37766022075867	132.91296032110353	0.27876772727029975	0.00830706002006897
3902.520528501413	3.0384591063874904	13.73716926028956	150.66011859527705	95.49442905789256	138.900987720571	0.2912449991328627	0.008681311732535687
6431.408135257277	5.01125258846274	22.09872191578945	239.69786698005592	157.49650992311467	229.0858326154395	0.4764296438667182	0.01431786453846497
2772.3792838536924	2.1582537238809874	9.79394955816689	107.58930109678458	67.83083132197387	98.66302737741655	0.20717101487600975	0.006166439211088535
6640.52609430195	5.174711466193911	22.74160816435691	246.2900362824421	162.63378893752292	236.5582384545788	0.49144139764031736	0.014784889903411175
5703.085052647524	4.442420109267942	19.789359842420723	215.62292788309145	139.61891771984958	203.08206213796302	0.42371261204297817	0.01269262888362269
7704.532656470439	6.00752399964487	25.638619527946553	273.83771907098674	188.8078971316959	274.62966855519403	0.5667806714998217	0.017164354284699628
6314.7060620136535	4.920059055679292	21.735780357437072	235.95286308854168	154.6304274642063	224.9169854024819	0.4680264087441929	0.014057311587655118
6986.300229657633	5.445137660585708	23.782143628103174	256.83359512287916	171.13289790412225	248.92057876963233	0.5161251064315372	0.015557536173102023
5820.408381466001	4.5340065320753755	20.168118806843886	219.6082247937229	142.49734815094038	207.26887003773146	0.43224640172200307	0.012954304377358216
6133.085800253535	4.778174522078984	21.16530787627961	230.03517384806398	150.1711992653395	218.4308352950393	0.454913928427606	0.013651927205939956
3693.9545789690283	2.8759789540682097	13.014935916561411	142.79868585868078	90.38790998500087	131.4733236145467	0.2757658280364011	0.00821708272590917
5084.250190113363	3.959583352365849	17.754935428336772	194.02078130789943	124.44404821721237	181.00952467958163	0.37847229569228136	0.011313095292473853
4403.08830525548	3.4285177975807004	15.456422811225814	169.303178058552	107.75341649539345	156.73224217511773	0.32830414854898743	0.00979576513594486
3575.6296475497506	2.7838089692826484	12.603887620796682	138.31791513259176	87.49113903459752	127.2598385957782	0.2669755133014587	0.007953739912236139
4233.7382463451795	3.296537601404861	14.877237028548716	163.0351057274854	103.60546747272419	150.6988617785079	0.31578229757728177	0.009418678861156745
7752.486170988189	6.04510733051928	25.769743113345104	275.0904499037485	189.98908753060596	276.34776368088137	0.5701302113901008	0.017271735230055086
7175.825261564582	5.593447339358139	24.148263378492167	259.31732210497773	175.7940592369701	255.70044979922923	0.5295765555733397	0.015981278112451827
2819.915293380591	2.1952681469688087	9.960999944842648	109.41990561049207	68.99414176187685	100.35511529000267	0.21071546259765891	0.006272194705625168
6987.237038548419	5.445870593716972	23.784922672467797	256.86152485411304	171.15593294539056	248.95408428420444	0.5161917362806885	0.015559630267762777
5475.731541842531	4.264984798611416	19.048782968947123	207.7952552988209	134.04237938493023	194.97073365080757	0.4071344950776287	0.012185670853175474
7960.590395431728	6.2082628141806495	26.330471205340945	280.39511911431646	195.11683130282043	283.80630007682976	0.5846153180389927	0.017737893754801858
7167.316074388355	5.5867872770204325	24.123639261787567	259.07350748361773	175.58474299207074	255.39598980664832	0.5289738623864192	0.015962249362915522
5252.318521771231	4.0906780105955205	18.31312676816701	199.97761027617878	128.56416604728778	187.0024233415095	0.39079440437294566	0.011687651458844345
5699.79453540003	4.439851654006362	19.77870260504879	215.5106088193221	139.53819484019996	202.96464704029086	0.42347305534882423	0.012685290440018178
3921.9043587898755	3.0535609152128784	13.804132531531623	151.38820399093856	95.96905733526188	139.5913561240173	0.292682567242634	0.008724459757751081
5117.356755295842	3.9854046514491537	17.86519847373827	195.19907942306108	125.25557475983054	182.18992692338986	0.38090147432355176	0.011386870432711867
2874.4617484447763	2.237742065423702	10.15259041340563	111.51895152056481	70.32903634188779	102.29678013365495	0.2147819512717649	0.0063935487583534345
7004.981987587925	5.459754026055831	23.65023068069872	254.36435627755216	171.59226939032612	249.58875547683803	0.5174535735372435	0.015599297217302376
5649.160811841764	4.400330406007708	19.614479960099914	213.77859404899635	138.29609847452795	201.1579614174952	0.4197853740858966	0.01257237258859345
4324.675542840585	3.367405764494544	15.188584366146147	166.40628119782014	105.83275259839992	153.93854923403626	0.3225084163453947	0.009621159327127267
7145.201072654281	5.569478665739488	24.05955223248491	258.43841565374595	175.04075806609816	254.6047390052337	0.527406935661827	0.015912796187827108
7885.572424674806	6.149437673568069	26.129917383417443	278.50792355596957	193.26804116928216	281.1171507916832	0.5794033594736175	0.017569821924480197
7409.923517934611	5.776725053587465	24.817976595195162	265.90238644327786	181.55421596989177	264.0788595925698	0.5461098972242926	0.016504928724535614
6207.985579787067	4.836681973308169	21.40138157352861	232.48850334263017	152.0100048753996	221.10546163694485	0.46032649680134397	0.013819091352309054
6502.1640126710545	5.066552285388443	22.3173382222756	241.94570000205317	159.23450039792252	231.61381876061452	0.48151565550228587	0.014475863672538409
4384.28546049892	3.413863174402174	15.392251350783102	168.6093857440838	107.29284262406833	156.0623165440994	0.3269147188432196	0.009753894784006211
7797.485626772176	6.08037968253583	25.892145142598455	276.2557936217768	191.0976471654118	277.96021405878076	0.573269464008252	0.0173725133786738
5793.2331168849205	4.512791198200898	20.080602311530495	218.6885240782487	141.83058051488538	206.29902620346968	0.4302710742534543	0.012893689137716853
3134.2006023928684	2.440005844725869	11.06333983661804	121.48923639822941	76.68589797709873	111.54312433032544	0.23413477636050137	0.00697144527064534
4947.823562815993	3.8531884832566505	17.29902626590749	189.1408618510193	121.10020947378047	176.14575923458975	0.3684524299189987	0.01100910995216186
3312.35760644149	2.5787529343490814	11.686318768951008	128.30067580523172	81.04652079382828	117.88584842738658	0.24739727646481097	0.007367865526711662
6644.471321237567	5.177795918499849	22.75364167800925	246.41289380640887	162.73072886713814	236.69924198856455	0.49172402444151503	0.014793702624285284
5071.055893158087	3.9492928057924805	17.710949968062113	193.55052792430496	124.12063103919223	180.53909969337053	0.3775039119350149	0.011283693730835659
6242.122243512402	4.863350093224296	21.50860032819074	233.60068881683114	152.84814578704933	222.32457569025357	0.46279103730900034	0.013895285980640848
3338.369598948001	2.5990118020984307	11.777146386608862	129.29310066752345	81.68322806595069	118.81196809592826	0.24933279329571284	0.007425748005995517
5958.174060215568	4.641571885716102	20.60973779746223	224.2381655435964	145.8779735510775	212.18614334702184	0.4422476830569937	0.013261633959188864
3470.105232516534	2.7016152349193407	12.236579449942548	134.3103067793484	84.90790738317928	123.50241073916987	0.2591313282727429	0.007718900671198117
4161.077815314347	3.2399164817162234	14.627926251504501	160.3329151724404	101.82594656822417	148.1104677355988	0.31040455714003423	0.009256904233474925
4186.243281302381	3.2595264697471835	14.714326297399849	161.2696416029292	102.44226047776863	149.0069243312998	0.3122674423212426	0.00931293277070624
5390.511949597295	4.1984905020415715	18.769060548917924	204.82737832988653	131.95255863559225	191.93099437904326	0.4009072122828375	0.011995687148690204
5778.711956520821	4.501455097078144	20.033784238015187	218.19623174302018	141.47430305102736	205.780804437858	0.4292152223891003	0.012861300277366126
7120.287624208929	5.549980838838329	23.987200584124423	257.720499812065	174.4279692206332	253.7134097754665	0.5256407755864535	0.015857088110966654
8003.176339222634	6.241661789804947	26.443513510121257	281.4536287079954	196.1665133938698	285.3331103910833	0.587569081136333	0.01783331939944271
6879.120228453588	5.361292679079775	23.462732173902044	253.6149698347997	168.4977699139358	245.08766532936116	0.5084930434878201	0.015317979083085072
5512.1253863811	4.293384149417063	19.167895629635563	209.05723144074432	134.93493041025056	196.26898968763717	0.4097917631845996	0.012266811855477323
8046.325441716494	6.275506413149113	26.557447007692982	282.51656043212427	197.230201556115	286.8802931725309	0.5905582095785266	0.01793001832328318
5641.337944416064	4.394224664675764	19.589069209887562	213.5103882942107	138.10420374695258	200.8788418137492	0.4192153913382978	0.012554927613359326
7499.9035132075805	5.847198240435882	25.0713116771272	268.3687282810582	183.76908755655634	267.3004909913547	0.5524397224505008	0.016706280686959667
3716.273429814011	2.8933650954402768	13.092367317081393	143.64224305808625	90.93433157098012	132.26811864869836	0.2774232156810518	0.008266757415543648
4523.9631824264825	3.5227314876247346	15.868105030277468	173.74980031621456	110.71441818249168	161.0391537199879	0.33723075872152264	0.010064947107499243
5492.8587841121425	4.278349591074308	19.10486445672426	208.38956580117386	134.4624157194783	195.58169559196838	0.40838518977284893	0.012223855974498024
4357.657227772472	3.3931099815182337	15.301313935591551	167.6259127533204	106.6405994191445	155.11359915511926	0.3249466580197062	0.009694599947194954
3008.490071429194	2.342110015083481	10.622888200221487	116.6691588376327	73.60917190262369	107.06788640381627	0.22477060198125262	0.006691742900238517
2810.5954109703002	2.1880110743173766	9.928254161190786	109.06109433597803	68.76606233568899	100.0233633973658	0.21002058314403763	0.006251460212335362
3116.0498086735415	2.4258707808457536	10.999787038230515	120.7939568725575	76.24165311229511	110.89694998152018	0.23278301403091528	0.00693105937384501
4987.628114398034	3.8842291123152677	17.43229512283882	190.56862875267208	122.075772101337	177.56475942012653	0.3713774519047993	0.011097797463757908
5138.867813467476	4.00218263450444	17.936762123706096	195.96341103372728	125.78288279871093	182.95692043448864	0.38247933663154027	0.01143480752715554
5583.476588320562	4.349066041514163	19.400804735133846	211.52161426682568	136.68493273330225	198.814447612076	0.4149975885124082	0.01242590297575475
7063.410353921901	5.505471446537325	23.82141233016536	256.0718270842671	173.0291026054588	251.67869469884917	0.521604889649912	0.015729918418678074
4799.574673353394	3.7375919728488975	16.800934333992743	183.79558506339862	117.4671762895368	170.86134733023533	0.3575474471039893	0.010678834208139708
5010.2339138488915	3.9018583220994794	17.507890274304046	191.37804282993292	122.62983298026934	178.37066615311906	0.3730380589393465	0.011148166634569941
3136.121906767292	2.4415020809858525	11.070066190658173	121.56281968537944	76.73292254526966	111.6115237022104	0.2342778576991251	0.00697572023138815
7103.344033142205	5.536721020602224	23.937901061509077	257.23076641567184	174.0112320760699	253.1072466561017	0.5244390393730278	0.015819202916006355
5678.0728119763135	4.422896795141833	19.708304651060782	214.76842212921906	139.00532784731476	202.18956777791237	0.4218913803498497	0.012636847986119524
7200.037646071978	5.612398850680507	24.218223998639058	260.0094030548379	176.3896781642445	256.56680460253745	0.5312908322598231	0.01603542528765859
6233.523279393129	4.856632292927884	21.4816144945031	233.3208864052265	152.63701492059062	222.0174762481318	0.4621703620650121	0.01387609226550824
5280.145436693195	4.112385832662622	18.405160635231653	200.95775897013533	129.2464118836824	187.9947809217199	0.3928321527053357	0.011749673807607493
4312.353202651886	3.357802554154474	15.146440745344258	165.95019094703537	105.53093741628345	153.4995453327759	0.3215972911851047	0.009593721583298496
6848.215292453713	5.33711981896268	23.37009958189629	252.67845841149293	167.7380514531128	243.9826202954368	0.5062891076122261	0.0152489137684648
7243.888753144172	5.646724636752215	24.344528464751214	261.256464895732	177.46848858364106	258.135983394387	0.534393095002646	0.016133498962149186
3760.521700655749	2.9278347209720006	13.24577963698589	145.31305770876702	92.01766265912	133.84387295872003	0.2807084193920847	0.008365242059920001
3800.3633398393513	2.9588723765882805	13.383798219012583	146.81563997063674	92.99313183563167	135.26273721546426	0.28366569630836175	0.008453921075966516
7839.050990300603	6.112963951021205	26.004646319918507	277.3233245031561	192.12172417495213	279.4497806181122	0.5761657169320689	0.017465611288632013
3212.482681013602	2.500969857349329	11.337263346448148	124.48515518872449	78.60190980240748	114.3300506216836	0.23996358198652526	0.007145628163855225
4176.358701722592	3.2518239442317896	14.680396400956589	160.90181604570677	102.20018110442766	148.65480887916752	0.311535774321471	0.00929092555494797
6119.9466402732605	4.767911723634684	21.123779964200303	229.60297626109838	149.8486541713758	217.96167879472844	0.4539637275229938	0.013622604924670528
3344.8093287603037	2.604027283405432	11.799626946453357	129.53870665873956	81.84085747845643	119.04124724139118	0.24981192823853868	0.007440077952586948
6107.652660614732	4.758309287779715	21.084892569820955	229.198091488878	149.54686333021962	217.5227102985013	0.45307445845272953	0.01359516939365633
5351.992139432371	4.16843710134931	18.642259630612617	203.4800913686604	131.00802318526405	190.55712463311136	0.39809016633508804	0.01190982028956946
3990.4974414926965	3.1070029398448584	14.040862110320825	153.9609787555208	97.64866382369554	142.0344201071935	0.2977681493282876	0.008877151256699595
7062.252075753421	5.504565092238553	23.81802738521298	256.0381138881488	173.00061718464025	251.63726135947675	0.5215226469539435	0.015727328834967295
7404.574152879068	5.77253586124223	24.802842912988414	265.7546067200331	181.42255563904152	263.88735365678764	0.5457331385882053	0.01649295960354923
5692.880689404799	4.434455003509368	19.75630421575375	215.27451499724356	139.36858582458012	202.71794301757103	0.4229696752305125	0.012669871438598192
7101.276766447994	5.535103240639532	23.931880937437782	257.17093294380464	173.9603875629567	253.0332910006643	0.5242923853315863	0.01581458068754152
7711.764853585971	6.013191901243369	25.658440209200737	274.0273663855243	188.98603118193444	274.88877262826827	0.5672861145652744	0.017180548289266767
3696.461897948166	2.877932116456663	13.023636281351093	142.89347811173056	90.44929508863797	131.56261103801884	0.2759520312686617	0.008222663189876179
3746.2342796488015	2.916704644652616	13.196258602560382	144.77379695251867	91.66786026051078	133.33506946983385	0.27964774856104063	0.008333441841864617
3701.82131799883	2.882107031051591	13.042232000449484	143.09607526292822	90.58050669019286	131.75346427664417	0.2763500333855617	0.00823459151729026
5904.242415675942	4.599460117444407	20.437268282150406	222.43221556195763	144.55446083396706	210.26103394031574	0.4383350002647696	0.013141314621269733
5956.971029373532	4.640632476683396	20.60589647231937	224.1979742982656	145.84844926719245	212.14319893409808	0.4421604408660311	0.013258949933381132
2712.3516131724687	2.1115133545150755	9.582895284815747	105.27595587909131	66.36184828475952	96.52632477783203	0.20269438771092066	0.006032895298614502
3790.452099559018	2.9511511935296175	13.349474296333984	146.44201399213512	92.75046608235941	134.90976884706822	0.2829300947165624	0.008431860552941765
4621.954981284266	3.599117065214462	16.200732592356836	177.33686045435343	113.11510776388309	164.5310658383754	0.34446034264119496	0.010283191614898463
7049.317612868391	5.494444013123477	23.78020422151364	255.6612655584293	172.68252612673786	251.1745834570732	0.5206040997977394	0.015698411466067076
7180.851394296153	5.597381307215631	24.162799065171495	259.4611924752786	175.917698226777	255.88028832985742	0.5299324933537677	0.01599251802061609
6164.188750414134	4.802469472221768	21.263476249094747	231.0561069929528	150.93475484125557	219.54146158728082	0.45716239733176955	0.013721341349205052
4480.979923172	3.489227806900174	15.721880906095043	172.1712857688455	109.66144535971975	159.5075568868651	0.3340575311732715	0.009969222305429069
5836.412143921026	4.546500847467567	20.219596662486886	220.14887030438513	142.89002663469498	207.84003874137454	0.43340930946238354	0.012990002421335908
4370.012378874837	3.4027391320896556	15.34351625864067	168.0823672312524	106.94322986567491	155.55378889552713	0.32585986709448583	0.009722111805970445
7395.035775252534	5.765066304117908	24.775838173046665	265.4907841675339	181.18779812941995	263.54588818824715	0.545061222229035	0.01647161801176545
3267.7879098336	2.544041392190754	11.530611927356878	126.59895011704876	79.95558661170942	116.29903507157732	0.24408036495374363	0.0072686896919735835
7128.63819928514	5.556516066444244	24.011469893331373	257.9614226062074	174.63336208824765	254.01216303745116	0.5262328753524065	0.015875760189840698
7027.576438579934	5.4774324208459495	23.716531164580413	255.02629027944536	172.14787608372984	250.39691066724342	0.5190595416907646	0.015649806916702712
7714.832685857557	6.015596205380907	25.666843144110395	274.10773662710164	189.06159502625707	274.99868367455576	0.5675004893840669	0.017187417729659735
6249.5937644148935	4.869187178687797	21.532035656040712	233.84361023932186	153.0315970444736	222.5914138828707	0.4633302576207362	0.01391196336767942
5530.320256880733	4.307582753978103	19.22736634349567	209.68689591578428	135.38117226788324	196.91806875328473	0.41111975613891494	0.012307379297080295
7177.604246095948	5.594839750315124	24.153409012050894	259.3682568214936	175.83782072418964	255.76410287154854	0.5297025434196372	0.015985256429471784
7105.327437382008	5.538273179332443	23.943675916832948	257.2881559531234	174.06001420759108	253.1782024837688	0.5245797376561366	0.01582363765523555
7674.694530143556	5.984140851399684	25.556676543127193	273.0526178236658	188.0729981868472	273.56072463541415	0.56469431688029	0.017097545289713384
7007.734598999248	5.46190768340115	23.658314838643598	254.44510832064114	171.65995576403617	249.68720838405258	0.5176492665768175	0.015605450524003287
3353.4788016387542	2.6107793896719254	11.829887918231881	129.86929854105492	82.05306653254623	119.34991495643088	0.25045693954459225	0.00745936968477693
3828.551449572551	2.9808321130694746	13.481379194145042	147.8776463071471	93.6832949821835	136.26661088317599	0.28575753821913497	0.0085166631801985
4329.151354195832	3.370893938023678	15.203888525371017	166.57188913933751	105.94238090931557	154.09800859536813	0.32283933918924734	0.009631125537210508
3769.4634460828693	2.9348005011284553	13.276765083284356	145.65043873005177	92.23658717832286	134.16230862301506	0.28137219054013074	0.008385144288938443
6887.243687683692	5.367646849817489	23.487041811722857	253.86051397567596	168.69747242283538	245.37814170594237	0.5090721148762306	0.015336133856621397
6012.79315786923	4.684224134978676	20.783852605572616	226.05835705501005	147.21847281361553	214.13596045616802	0.44620681671136253	0.013383497528510502
3392.1515083406625	2.6408994777657333	11.964827155736193	131.34322584955896	82.99969787263733	120.72683326929065	0.2533338733864082	0.0075454270793306666
3725.985856472381	2.9009310438652487	13.126052479630443	144.0091655029709	91.17211852147925	132.6139905766971	0.2781443875584492	0.008288374411043568
3721.356088017598	2.8973244638392472	13.109996059761668	143.83427167522242	91.05876886351919	132.44911834693698	0.27780062092255353	0.008278069896683563
4549.75290524151	3.5428341502855245	15.955746160901278	174.69543033912782	111.34621615183076	161.9581325844811	0.3391340895566775	0.01012238328653007
4437.313790219573	3.455193187208711	15.573139855515224	170.56461376631128	108.59178588370234	157.9516885581125	0.3308326565457373	0.009871980534882032
7824.510208575729	6.101564613813235	25.96535159976954	276.9508462688474	191.76345929127308	278.9286680600336	0.5751528995376991	0.0174330417537521
3937.013805828868	3.0653327205309795	13.856309738289598	151.95542240192273	96.33902835954507	140.1294957957019	0.29380300441910895	0.00875809348723137
5308.155518287508	4.134237311753638	18.497686403598454	201.94255115063484	129.93317265511433	188.9937056801663	0.394882602380798	0.011812106605010394
2980.0668198782355	2.3199763706516014	10.523210675696186	115.57788476893369	72.91354307762175	106.05606265835891	0.2226527245660458	0.006628503916147432
4252.763517416367	3.3113637110266936	14.942437996777615	163.7414012634976	104.07143091798179	151.3766267897917	0.31718989354135135	0.00946103917436198
4741.862118544517	3.6925957082755705	16.60631287714706	181.703313219391	116.05300797437508	168.80437523545467	0.35329767089922937	0.010550273452215916
3717.0957045072696	2.8940056429757455	13.09521942072096	143.6733114067544	90.95446306495201	132.29740082174837	0.277484273241856	0.008268587551359273
2757.4927800627192	2.1466623075451747	9.741620164076776	107.01577768217052	67.46652966570548	98.13313405920798	0.20606091572823004	0.006133320878700499
3340.350086496091	2.600554271697433	11.784060334391098	129.3686385060876	81.73170568191932	118.88248099188266	0.24948014898046847	0.007430155061992666
3553.124366367484	2.7662790419116288	12.525607273644512	137.46409641448744	86.94019846007977	126.45847048738877	0.26530294766180923	0.007903654405461797
3901.1895274363997	3.0374221399249555	13.732570151071515	150.61010768333693	95.46183868335574	138.85358353942652	0.2911462809841669	0.008678348971214158
7524.19725101807	5.8662279714755075	25.1393096790772	269.02827086367154	184.36716481780167	268.1704215531661	0.5541462591743551	0.01676065134707288
5096.68103394442	3.969278608742896	17.796354362544236	194.46348456862185	124.74875627477672	181.45273639967522	0.37938451209739826	0.011340796024979703
2986.8276272640965	2.325241098434497	10.546923079532643	115.83750381860398	73.07900595079848	106.29673592843416	0.223156507156381	0.0066435459955271345
7244.272004493448	5.647024653577476	24.345630051255068	261.26732762435887	177.47791768386352	258.14969844925605	0.5344201941619162	0.016134356153078504
5524.968094496236	4.303406087328407	19.209878065307695	209.50176243046474	135.24990560174993	196.72713542072717	0.4107291509036606	0.012295445963795448
4542.990229794566	3.5375627100055906	15.9327713648544	174.44757149991108	111.18054231446142	161.7171524573984	0.3386350342810615	0.010107322028587402
3251.7914714580056	2.5315833050219267	11.47470325491676	125.987801573379	79.56404672926057	115.7295225152881	0.2428897339582219	0.007233095157205506
4021.4439874481036	3.131114761904888	14.147544340516657	155.1197919290615	98.4064639455822	143.13667482993773	0.3000617828319775	0.00894604217687111
3917.8426127348125	3.0503964202538727	13.79010320247466	151.2356762420835	95.86960177940742	139.44669349731987	0.29238135021882555	0.008715418343582493
5102.21034080701	3.9735911568627227	17.814771021688106	194.6602948818063	124.88429350139987	181.64988145658162	0.37979022884208197	0.011353117591036351
3588.927659312531	2.7941672282341017	12.650127639166026	138.82219091210192	87.81668431592891	127.7333590049875	0.26796370903683236	0.007983334937811719
3782.1789623955074	2.9447061842315136	13.320818046423742	146.13005575520825	92.54790864727615	134.6151398505835	0.2823160367559275	0.008413446240661468
3131.3929979432323	2.4378193950368026	11.05351030999723	121.38170431725534	76.61718098687095	111.44317234453955	0.23392568938714292	0.006965198271533722
7965.725207507951	6.2122896994390615	26.34413250371247	280.52324395679585	195.2433905537991	283.9903862600714	0.5849716598046231	0.017749399141254462
3505.787361962991	2.729407776350345	12.360855012681872	135.66661455013514	85.78138725672513	124.77292691887291	0.2617842579956285	0.007798307932429557
4911.2942762046505	3.8247031943776766	17.176546138608227	187.82776434793215	120.20495753758411	174.84357460012234	0.3657669753466663	0.010927723412507646
4905.601628442211	3.820264208968935	17.157444003169765	187.62289438646957	120.0654465675951	174.6406495528656	0.36534838474665804	0.0109150405970541
4946.758043453484	3.852357582303708	17.29545604067021	189.102598122846	121.07409544383083	176.10777519102666	0.368374113158882	0.011006735949439166
4223.059875658108	3.288216206116864	14.84062712979181	162.63845300315148	103.34393790653	150.31845513677092	0.31499215986507356	0.009394903446048182
3923.477515747511	3.0547865597524195	13.809565901236862	151.44727423547562	96.0075775922189	139.64738558868203	0.29279922957322285	0.008727961599292627
7778.254543176987	6.06530509274694	25.83991183610338	275.758986629545	190.62387434347528	277.2710899541458	0.5719283351830263	0.017329443122134115
4136.727996996572	3.220942445069899	14.544274120028058	159.42571616625796	101.22961970219684	147.2430832031954	0.3086017132813047	0.009202692700199713
3084.984996801735	2.4016790801542003	10.890983744671548	119.60346073356244	75.48134251913201	109.791043664192	0.23046926201421808	0.006861940229012001
4736.231910748285	3.688206193425804	16.587305546753523	181.4988686204443	115.91505179338239	168.6037116994653	0.3528829479753344	0.010537731981216582
5604.496360672592	4.365470758371747	19.469261047916593	212.2451072643071	137.20050954882635	199.56437752556556	0.41653022196724304	0.012472773595347849
5568.868483816422	4.337665546455688	19.353187090667895	211.01813265546505	136.32663146003594	198.29328212368864	0.4139321898976543	0.01239333013273054
5012.559629326	3.903672064819662	17.515663836555294	191.4612565922963	122.68683632290364	178.45358010604167	0.37320888076853354	0.011153348756627605
7275.923551041145	5.671803031900945	24.43646860936988	262.1622564606645	178.25666671688685	259.2824243154718	0.5366573814612777	0.016205151519716986
6036.059147752554	4.702393774713513	20.857848382255323	226.83097767149263	147.78951863385325	214.96657255833202	0.44789221989887906	0.013435410784895751
4156.931267101194	3.236685354061014	14.613684693234962	160.1784851831275	101.72439684191758	147.9627590427892	0.3100975728789819	0.009247672440174326
4612.145836675153	3.591470420235076	16.167482641618893	176.9785303309348	112.87478463595954	164.18150492503204	0.3437369450154086	0.010261344057814504
3985.106175080072	3.102802420340187	14.022268974413356	153.75897555642283	97.51664749640588	141.84239635840856	0.2973685199052497	0.008865149772400535
6499.037928533051	5.0641089203691685	22.307702753661044	241.84675723561443	159.15770892588813	231.50212207401913	0.48129109234571227	0.014468882629626196
8064.241290049376	6.289560153573401	26.604573172979006	282.95504415262695	197.67189054087828	287.52274987764116	0.5917982181292523	0.017970171867352572
6172.086196493874	4.80863848230673	21.288371807723138	231.31484847427313	151.12863801535437	219.8234734768791	0.45773312359521945	0.013738967092304943
4196.3056771422325	3.267367619419971	14.748857721554893	161.64394350253428	102.68869661034195	149.36537688777008	0.31301221561922454	0.009335336055485631
3866.5935741601033	3.010469187052875	13.612981724228785	149.30946490940715	94.61474587880464	137.62144855098856	0.2885800543140684	0.008601340534436785
4827.608879930719	3.7594501386475763	16.895330461146358	184.80965724909458	118.1541472146381	171.86057776674633	0.35961090161583775	0.010741286110421647
5671.387852913829	4.417678968179922	19.686623263874992	214.53975530696076	138.84133899994038	201.95103854536782	0.4214045127117031	0.01262193990908549
4354.170017018132	3.3903921960541883	15.28939976842533	167.49703725117473	106.55518330456022	154.98935753390577	0.32468888998760215	0.009686834845869111
3434.1642043788097	2.67362156991127	12.111328530149443	132.94298622838278	84.02810648292564	122.22270033880092	0.25645865861879075	0.007638918771175058
5211.038789193235	4.058477007842924	18.176394378446428	198.5203563152044	127.55213453220617	185.5303775013908	0.387770231713049	0.011595648593836926
4781.07690895736	3.7231696847422078	16.738597815960485	183.12565717090416	117.01390437761225	170.20204273107237	0.3561855976878589	0.010637627670692023
6946.663933227202	5.414128677108166	23.66435838874936	255.64865213696032	170.15832985197093	247.50302523923045	0.5133047523268431	0.015468939077451904
3751.5145898075943	2.920818059498192	13.214562100043452	144.97312161631928	91.79713901280032	133.52311129134594	0.2800397594090024	0.00834519445570912
7019.19347388157	5.470873304044802	23.691947677262064	254.7809420575516	171.94173241283664	250.09706532776235	0.5184637912021225	0.01563106658298515
7356.916543230211	5.735216611543206	24.66766046852912	264.4323842365837	180.24966493421505	262.18133081340375	0.5423744005441063	0.016386333175837733
7434.059974004902	5.7956274520939	24.886159127438997	266.5675699210622	182.14829135152257	264.9429692385783	0.5478092206324279	0.016558935577411144
4104.233207128477	3.19562217717735	14.432561350618387	158.2138029216676	100.43383985414526	146.0855852423931	0.30619531150251983	0.00913034907764957
5160.046767965069	4.018702007359859	18.007158723210665	196.7149548172794	126.30206308845271	183.7120917650221	0.38403244899629146	0.011482005735313883
5083.0438754718525	3.9586425122594804	17.750914941574635	193.97780287740898	124.41447895672653	180.96651484614767	0.3783837653858035	0.01131040717788423
5211.360969394886	4.058728323993748	18.177462487922718	198.5317448202022	127.56003303980347	185.54186623971415	0.3877938406673181	0.011596366639982135
4457.53658709405	3.4709552420355436	15.642049307410053	171.3090824672551	109.08716474968851	158.67223963591056	0.33232632369066517	0.00991701497724441
7800.843013065117	6.083011500793293	25.901252308954177	276.3423398000335	191.1803614535035	278.0805257505505	0.5735035276956708	0.01738003285940941
4048.720782080202	3.1523677651914825	14.241511917008985	156.14017335674245	99.0744154774466	144.10824069446778	0.30208301564844936	0.009006765043404237
5538.410269189796	4.313896014992116	19.253791870821853	209.9665943284243	135.57958904260934	197.20667497106814	0.4117101176475107	0.012325417185691759
4907.114426008512	3.8214438482742663	17.16252071115441	187.67734399633989	120.10252094576266	174.69457592110933	0.3654596259494099	0.010918410995069332
6478.296452020037	5.047897628549317	22.243716941929396	241.1894059727885	158.64821118297854	230.76103444796877	0.4798007853821842	0.014422564652998049
4405.536646832838	3.430426011752516	15.464776097820046	169.39347696748874	107.81338894079335	156.81947482297213	0.3284850515752435	0.00980121717643576
3624.5388198473306	2.821906320400292	12.773901014078039	140.17174445294395	88.68848435543775	129.00143178972763	0.2706096707156147	0.008062589486857978
4444.4600927636575	3.460763126812319	15.597495685309498	170.82776782194264	108.76684112838717	158.20631436856317	0.33136051646919573	0.009887894648035198
4285.61999301235	3.3369688120949936	15.054961488336101	164.9599279832589	104.87616266584267	152.54714569577118	0.3196202991969283	0.009534196605985697
3008.7856802957867	2.3423402117564796	10.623924700742348	116.68050564251132	73.61640665520363	107.07840968029618	0.2247926272466769	0.006692400605018512
6666.5251948175555	5.195038490158182	22.82084273893113	247.09861475558898	163.2726382621143	237.4874738358026	0.4933035038201113	0.014842967114737662
4034.7322175899653	3.141468374400299	14.193329356282218	155.61700329862072	98.73186319543797	143.60998282972795	0.3010465003334839	0.008975623926857997
3294.7379102147224	2.565030365584678	11.624775305793838	127.62812482406821	80.61524006123273	117.25853099815669	0.24608608589287903	0.0073286581873847935
4560.660588999522	3.551336654673612	15.992792549932956	175.09504557938814	111.6134377183135	162.3468184993651	0.3399389630373192	0.01014667615621032
4974.455155751542	3.873956342417934	17.388213478542728	190.09647918047787	121.75291361884935	177.0951470819627	0.37040958354641207	0.011068446692622668
4871.596249873517	3.7937482288420483	17.043252421839295	186.39776030630105	119.23208719217865	173.42849046135078	0.36284738046206066	0.010839280653834424
6917.608758685093	5.391399371563779	23.577764812417094	254.77604205022928	169.44398024914733	246.46397127148703	0.5112357633435838	0.01540399820446794
5223.529549731825	4.068220478472677	18.217793646717052	198.9617115469801	127.85835789485556	185.97579330160806	0.3886854712245685	0.011623487081350505
4240.620668075723	3.301900943581143	14.900827375701637	163.29066953838233	103.77402965540733	150.94404313513795	0.3162915219734085	0.009434002695946122
6999.961778336084	5.455826221472858	23.635481831220613	254.21700191614755	171.46882410343267	249.40919869590203	0.5170966382020074	0.015588074918493879
5207.717483818676	4.0558862346882405	18.165382547765635	198.40294039128597	127.47071023305898	185.4119421571767	0.38752684532880605	0.011588246384823545
3441.772543275585	2.679547491486428	12.137848914803483	133.23253036280545	84.21434973243059	122.49359961080812	0.2570244753533211	0.007655849975675508
2886.7045444740024	2.2472753264734657	10.195577771409878	111.98984398702453	70.6286531177375	102.73258635307272	0.21569455996973042	0.006420786647067045
7971.667062683309	6.21694956411813	26.359930311219088	280.6713373726038	195.38984344371266	284.2034086454002	0.5853839429292844	0.017762713040337514
7121.209357311157	5.55070218864863	23.989880321561294	257.7471070650659	174.45064021467124	253.74638576679453	0.525706136861462	0.01585914911042466
4193.894985825831	3.2654890759098274	14.740585695706011	161.5542833500893	102.62965667145174	149.2795006130207	0.31283379232815584	0.009329968788313794
3909.79778125867	3.044128740550101	13.762312546936757	150.9335159330664	95.67261756014604	139.16017099657606	0.2917847255997127	0.008697510687286003
5370.731496991647	4.183057478812985	18.703974503572447	204.1359719700183	131.46752076269382	191.22548474573642	0.399460794965116	0.011951592796608528
5435.815193347073	4.233838326307778	18.917902453237307	206.40733859932294	133.0634902553873	193.546894916927	0.4042185444247688	0.012096680932307938
4496.080945519722	3.500998282355915	15.773274635371246	172.72620076825078	110.03137458832876	160.04563576484185	0.3351724986567362	0.010002852235302616
3364.0968143377977	2.6190491301180567	11.8669449041424	130.27410783633673	82.3129726608532	119.7279602339683	0.25124688644300375	0.0074829975146230195
5400.9600235972985	4.206642416778808	18.80341514284674	205.19219980399063	132.20876167019108	192.30365333845978	0.40167106313901757	0.012018978333653736
5928.305413637252	4.618248928353941	20.51428643303289	223.23904091862886	145.1449663196953	211.11995101046588	0.44008115604389675	0.013194996938154117
6761.255086484302	5.269110575706005	23.108200086653483	250.02346963484797	165.60061809361733	240.87362631798882	0.5000800075757753	0.015054601644874302
7647.033235072888	5.962465201380687	25.48047119114637	272.32097849568737	187.39176347196445	272.5698377774028	0.5627586970704972	0.017035614861087678
4074.293190056248	3.172293163264725	14.329552709984851	157.09591855877002	99.70064227403422	145.01911603495887	0.30397759501738947	0.00906369475218493
7414.527245980099	5.780330365950582	24.830994333342698	266.029464480566	181.6675257870183	264.24367387202665	0.5464341003882434	0.016515229617001664
3870.0862364280492	3.013190215719453	13.625058899470842	149.44083640475677	94.70026392261138	137.7458384328893	0.2888391560316618	0.00860911490205558
6442.137627165042	5.019637821723504	22.13194361343574	240.03984933987576	157.76004582559585	229.46915756450306	0.47720132578002783	0.014341822347781441
5949.375614428895	4.634701497077395	20.581637784408215	223.94412538109157	145.66204705100387	211.87206843782383	0.4416095929734559	0.013242004277363988
5552.057266142291	4.3245459803305115	19.29834507894222	210.43803717325352	135.91430223895892	197.6935305293948	0.41270584666862026	0.012355845658087176
6308.167889101816	4.914950552716585	21.71536138801186	235.74169672076735	154.4698745139498	224.68345383847242	0.4675550958574582	0.014042715864904527
3695.297685369056	2.8770252126426006	13.019596530440904	142.8494644593279	90.42079239733887	131.52115257794742	0.2758655726679264	0.008220072036121715
3928.6728961759045	3.058834283291726	13.8275083673285	151.6423335353486	96.1347917605971	139.8324243790503	0.29318450040841904	0.008739526523690646
7609.653748534217	5.933176694794631	25.37712792739876	271.32650644361723	186.4712675506884	271.2309346191831	0.5601408022795119	0.016951933413698946
4199.126201944203	3.2695655323039037	14.758535392760955	161.74883608536538	102.75777387240838	149.4658529053213	0.3132209678497012	0.009341615806582581
4355.793238870241	3.3916572659219977	15.294945703509649	167.5570283490404	106.59494264326277	155.04718929929132	0.3248088764117778	0.009690449331205707
2744.881950536786	2.136842894782153	9.697284642138934	106.52983795377939	67.15791955029624	97.68424661861272	0.20512047511946627	0.006105265413663295
3771.0319403293665	2.9360223903391547	13.28219974747315	145.70961050295	92.27498941065915	134.21816641550421	0.2814886205777728	0.008388635400969013
6249.255737211647	4.868923095111119	21.530975640098795	233.83262389002627	153.02329727492088	222.57934149079398	0.46330586369318716	0.013911208843174625
4686.743598957449	3.6496243746841115	16.42007857302389	179.6993569818645	114.70248034721493	166.83997141413082	0.349236632386506	0.010427498213383176
7946.466435898794	6.1971866390828145	26.292850121518935	280.0419984767194	194.76872294260275	283.2999606437858	0.5836348853190708	0.017706247540236614
5579.845650747689	4.346232353909713	19.388972317006786	211.39652230669537	136.59587398001955	198.68490760730117	0.41473279711194494	0.012417806725456323
5474.330650492003	4.263891663670031	19.04419384400977	207.74661233864123	134.00802371534382	194.92076176777283	0.40703218407697406	0.012182547610485803
5156.516704316453	4.015948563851142	17.995429474740224	196.5897574890212	126.21552629246446	183.5862200617665	0.3837736064825447	0.011474138753860406
6204.053790357072	4.833610496304777	21.389017137102627	232.36016286462257	151.91347274100727	220.9650512596469	0.4600425423625794	0.013810315703727934
6898.293184835458	5.376289941422827	23.520081417100446	254.19408538234842	168.9691124447174	245.7732544650435	0.5098596043556693	0.015360828404065219
6641.519483338636	5.175488114101104	22.744638483816956	246.32097659084306	162.658197871749	236.59374235890763	0.49151256378374675	0.014787108897431728
7488.560093495416	5.83831311899459	25.03950289303312	268.0598394659115	183.48984088268708	266.8943140111812	0.551642533308129	0.016680894625698828
7996.115337477504	6.236123773065481	26.424811205224188	281.2787683838769	195.99246143920087	285.0799439115649	0.5870795793592591	0.017817496494472805
5066.20526624796	3.9455097259972525	17.694773706266574	193.37755533102117	124.00173424562794	180.36615890273154	0.3771478676842955	0.011272884931420722
3886.2477448558334	3.0257812460349305	13.680931561766432	150.04854167007358	95.09598201824068	138.32142839016825	0.2900380143821441	0.008645089274385516
3469.1220153940603	2.700849422004924	12.233154010943126	134.27291732838228	84.88383897729761	123.46740214879652	0.2590582201618458	0.007716712634299783
5464.6560449188755	4.256342491317984	19.01249278145444	207.41054894619018	133.7707640128509	194.57565674596498	0.40632556831574884	0.01216097854662281
4496.602637889814	3.50140491779184	15.775049705777603	172.74536465173577	110.04415455917211	160.06422481334127	0.33521101457166064	0.010004014050833829
5297.702814818685	4.126082763167722	18.46317140871751	201.57526332367766	129.67688684241412	188.62092631623872	0.39411750680878527	0.01178880789476492
7974.0187020687545	6.218793844178378	26.366179533864354	280.7298989768129	195.44780653132042	284.2877185910115	0.585547095057219	0.01776798241193822
7909.973436278023	6.168570357965066	26.195349006901054	279.1249056021169	193.8693541074735	281.99178779268874	0.5810998581300669	0.017624486737043046
5162.891326341428	4.020920766455825	18.01660900336515	196.81582002174918	126.37179551718309	183.8135207522663	0.38424101883925804	0.011488345047016645
2836.4545391902006	2.2081467467860696	10.01910388556976	110.05654162295485	69.39889775613361	100.9438512816489	0.21194855690754763	0.006308990705103056
6217.726818472829	4.844291827372355	21.43200169408202	232.80626024229585	152.24917171741689	221.4533406798791	0.46102992727887154	0.013840833792492443
6837.814745351164	5.328985190135146	23.338872831884885	252.36245355763344	167.48239168996176	243.61075154903529	0.505547085467944	0.015225671971814705
6952.581399476037	5.418757969385868	23.6819682806248	255.82595773060262	170.30382189498442	247.71465002906825	0.5137259694205875	0.015482165626816766
7140.541457488485	5.565831863210698	24.046032606155876	258.3043399401531	174.92614427233622	254.43802803248906	0.5270766836137957	0.015902376752030566
7711.817391756696	6.013233076001518	25.65858413785575	274.02874314970995	188.98732524576198	274.89065490292654	0.5672897859900279	0.017180665931432908
3228.3222289420632	2.513305535449136	11.392653967687956	125.09079194773851	78.98960254268712	114.89396733481765	0.241142741078797	0.007180872958426103
6061.144521843586	4.721985042355421	20.93751441992597	227.66217327096362	148.40524418831322	215.8621733648192	0.4497087022470459	0.013491385835301201
5778.066568583616	4.50095127374824	20.03170256518076	218.17433833464	141.45846860351608	205.75777251420524	0.4291682900865244	0.012859860782137827
8057.763993194629	6.28447908284227	26.587547411126394	282.7967087881929	197.51219974647137	287.2904723585038	0.5913499802401304	0.017955654522406488
5780.517143178575	4.502864322098343	20.039606406979008	218.25746268960413	141.51859298023362	205.84522615306707	0.42934649229418553	0.012865326634566694
7673.0388415739735	5.982843395440522	25.552121705940163	273.0089279913838	188.03222099955926	273.50141236299527	0.564578498654198	0.017093838272687206
3747.6547770655748	2.9178112251293875	13.201182757101401	144.82742182321726	91.70263850406647	133.38565600591488	0.2797532076885554	0.00833660350036968
6670.947822691353	5.198496361914138	22.834305459127936	247.23591154651584	163.3813142315872	237.64554797321776	0.4936201649700095	0.014852846748326109
5059.16310886335	3.940017475174714	17.67128336252233	193.12634435896356	123.82912064834814	180.11508457941548	0.37663092630210976	0.011257192786213469
6386.956330920194	4.976514705099488	21.96082051604278	238.2768381270737	156.40474787455537	227.49781509026235	0.4732309658557636	0.014218613443141397
5144.399928684597	4.006497588664826	17.955156264943085	196.15981527576707	125.91849564375168	183.15417548182063	0.3828850596606984	0.011447135967613788
7765.912354461154	6.055630871031731	25.806328961876407	275.43918594023523	190.31982737528296	276.8288398185934	0.5710672508822352	0.017301802488662088
5811.704127836036	4.527211152536192	20.14010146766452	219.31387022056893	142.2837790797089	206.95822411594023	0.43161379147661194	0.012934889007246264
2809.3686960447512	2.187055875195806	9.923943827634583	109.01386283833118	68.73604179186819	99.97969715180828	0.2099291191508614	0.0062487310719880175
5390.291643857887	4.1983186138048	18.768335976749274	204.8196829459528	131.94715643386513	191.92313663107655	0.40089110477932705	0.011995196039442286
4002.189213269522	3.116112453301761	14.081176209898173	154.39892731965963	97.93496281805534	142.4508550080805	0.29863475456071137	0.008903178438005031
7134.815171739258	5.5613502934073935	24.029410232126367	258.13944717087804	174.78529493566091	254.23315627005223	0.5266707825258345	0.015889572266878267
3191.359637661507	2.484519583338	11.263377894375449	123.67720490568834	78.08490119062284	113.57803809545142	0.23839097226198358	0.0070986273809657136
3264.3553335519096	2.541368080913582	11.518615896488127	126.46782448226304	79.871568257284	116.17682655604946	0.24382488205548125	0.007261051659753091
5213.401100948949	4.060319727655494	18.184225702410487	198.6038544696784	127.6100485834584	185.61461612139402	0.38794333676842885	0.011600913507587126
4341.627205860286	3.380616922992763	15.246537195890136	167.03334399924614	106.24796043691542	154.54248790824062	0.3237616873564657	0.009658905494265038
5094.684082840989	3.9677211061693916	17.789702029788163	194.3923888898867	124.69980619389517	181.38153628202934	0.37923797804297577	0.011336346017626835
2706.4373714684234	2.1069082956405403	9.562094937191638	105.04793448529658	66.21711786298842	96.31580780071042	0.2022532824023024	0.006019737987544401
6088.777538240314	4.743566915072614	21.025130566564837	228.57555152915572	149.08353161656785	216.84877326046234	0.4517087949015457	0.013553048328778896
7659.113624363622	5.97193132037725	25.513780358718723	272.6409537778487	187.68927006899926	273.0025746458171	0.5636042052276248	0.01706266091536357
6200.5494977277185	4.830872993332388	21.377994429477756	232.24573480782726	151.82743693330366	220.83990826662347	0.4597894455438617	0.013802494266663967
2917.4884913275537	2.2712464572562903	10.30364320860067	113.17349410770905	71.38203151376912	103.82840947457328	0.21798910144315997	0.00648927559216083
7293.1345177375415	5.685277379675936	24.485748328876255	262.6470619666474	178.68014621838657	259.8983944994714	0.5378731762361187	0.01624364965621696
3595.4765602034563	2.7992684113826125	12.6728955418815	139.0704687619007	87.97700721488211	127.9665559489194	0.26845034134772583	0.007997909746807464
3777.842580662616	2.9413280329903144	13.305795899589418	145.9665117607469	92.44173817969559	134.46071007955723	0.281994164491851	0.008403794379972327
4657.296063603427	3.626667541753152	16.32044003308728	178.62648246776075	113.98097988367049	165.79051619442978	0.3470660941335013	0.010361907262151863
6410.992132206643	4.995297682513501	22.03543893267438	239.04605095931484	156.99507002185285	228.35646548633144	0.4749608681625452	0.014272279092895716
7319.139357683337	5.705637414445601	24.56005264558065	263.37712310780864	179.32003302543316	260.8291389460846	0.5397092259405454	0.01630182118413029
3304.23594684404	2.5724276105073054	11.6579527592821	127.99069999393714	80.84772490165818	117.59669076604825	0.24679290679453636	0.007349793172878016
3709.596221608716	2.8881635983142817	13.069205383781105	143.38992858524728	90.77085594702028	132.03033592293858	0.27692739217520673	0.008251895995183662
5904.524398471587	4.599680290443174	20.438171437038147	222.44168013847042	144.56138055678545	210.27109899168792	0.43835546644523865	0.013141943686980496
5956.269780530347	4.640084894298763	20.603657232451962	224.1745447727131	145.831239535104	212.11816659651487	0.4421095864652259	0.01325738541228218
7275.9408694167305	5.671816590068071	24.436518237461406	262.16274493945224	178.25709283071083	259.2830441173976	0.5366586050944148	0.016205190257337347
5676.526797818106	4.42169007654061	19.703291121178488	214.715549571292	138.96740240556204	202.13440349899932	0.42177878783146755	0.012633400218687458
5563.986607302117	4.333855671640122	19.33726602321925	210.84975138427333	136.20689253726096	198.11911641783414	0.4135760965823272	0.012382444776114634
7417.234855198076	5.782450791479188	24.838647701029725	266.10415886618296	181.73416773220305	264.3406076104772	0.5466247580695089	0.016521287975654823
6099.442830180058	4.751896960785366	21.05890734093456	228.92745038454825	149.3453330532544	217.22957535018818	0.4524805090267508	0.013576848459386762
3280.5942774422942	2.5540151069328156	11.575361945208517	127.08807568374124	80.26904621788849	116.7549763169287	0.2450334939180401	0.007297186019808044
7777.411110662127	6.064643972131374	25.837618372452024	275.73715610812013	190.60309626698603	277.24086729743425	0.5718695001597185	0.01732755420608964
5724.484942876241	4.4591243697437175	19.858624014258375	216.35267775401877	140.143908763374	203.84568547399854	0.4252702891594926	0.012740355342124908
6325.007613866286	4.928108138943328	21.767934331279598	236.28528862200773	154.8833986525046	225.28494349455212	0.4687688977632073	0.014080308968409509
5578.684283764262	4.345325992926798	19.385187225725165	211.35650402865807	136.56738834912792	198.64347396236792	0.41464809990941937	0.012415217122647995
3575.7266788016404	2.7838845498355234	12.604225058567536	138.3215952958509	87.49351442340216	127.26329370676679	0.26698272410436175	0.007953955856672924
6403.4105675648925	4.989372916470248	22.011915611134395	238.8036325837064	156.80886308906494	228.0856190386399	0.47441529118141446	0.014255351189914995
8075.90327868429	6.298708550529576	26.63519203799609	283.2395622740732	197.95941158807238	287.9409623099235	0.5926050296102316	0.01799631014437022
6488.485649664845	5.055861305655305	22.275161686427477	241.5125165704645	158.89849817773816	231.12508825852825	0.48053296798965034	0.014445318016158015
3668.800826433236	2.8563847361385464	12.927629773534758	141.84735268729037	89.77209170721147	130.57758793776216	0.27389766188973125	0.008161099246110134
7895.653252985857	6.157341837964161	26.156972246231025	278.7631830451056	193.5164577645879	281.4784840212188	0.5801043774535978	0.017592405251326174
5991.949639161237	4.667946913804613	20.717473945432527	225.36479557891388	146.70690300528784	213.3918589167823	0.4446963585022819	0.013336991182298894
4551.799691942634	3.5444296073264763	15.962698742293412	174.77043196220478	111.39635908740352	162.03106776349605	0.33928512721857407	0.010126941735218503
2960.9863731938467	2.3051182542288204	10.456279482127863	114.84502945410078	72.44657370433436	105.37683447903179	0.22123087449321757	0.006586052154939487
3817.185194962955	2.9719772690699835	13.442038571996857	147.44952342179963	93.40499988505663	135.86181801462783	0.28491409214061914	0.008491363625914239
7279.487819468602	5.6745934290333855	24.446680759557132	262.2627620647542	178.34436491247783	259.40998532724046	0.5369092048869872	0.01621312408295253
5106.963670258099	3.977298508699639	17.83059979346351	194.82943244964696	125.00081027341724	181.8193603976978	0.380138986936715	0.011363710024856113
7740.061879461971	6.0353694066599495	25.735837918199277	274.76695269026925	189.68303849502698	275.902601447312	0.5692627927249246	0.017243912590457
7518.406291824424	5.8616917038008625	25.123116403860042	268.8713011796176	184.22459640516996	267.9630493166108	0.5537395633422421	0.01674769058228818
5258.14106427803	4.095220123023773	18.33239333190146	200.18284510810287	128.70691815217572	187.21006276680106	0.3912208436237142	0.011700628922925066
7694.053459490691	5.999311597865768	25.609871811968123	273.5624786830897	188.5497930757813	274.2542444738637	0.5660481292353625	0.01714089027961648
6683.642564220559	5.2084220287758365	22.872923591072063	247.62960693362328	163.69326376152628	238.09929274403822	0.4945289555319894	0.01488120579650239
4716.519506374333	3.672837882505226	16.520728530932892	180.78261239057682	115.43204773587854	167.90116034309602	0.35143074371153343	0.010493822521443503
3339.7005589587857	2.6000483978755042	11.781792834766959	129.34386521489208	81.715806790373	118.85935533145162	0.24943182185306	0.007428709708215727
3385.764341877853	2.635924817740425	11.942546184303493	131.0998807141631	82.84335141469907	120.49942023956228	0.2528587574428107	0.007531213764972643
4145.371299223916	3.227677499049452	14.573973452507413	159.74783203187403	101.44129282726848	147.55097138511778	0.30924169518182154	0.009221935711569863
2776.5158760359363	2.161474702534225	9.808489315146058	107.74864851579211	67.93206207964708	98.81027211585031	0.2074794747989304	0.006175642007240644
5606.367159614354	4.366930832386491	19.475350267584858	212.30944362027435	137.2463975892897	199.6311237662396	0.4166666073164507	0.012476945235389975
3895.8627172092824	3.033272097340196	13.71416268703691	150.40993743780035	95.33140877354903	138.66386730698042	0.29075119161270435	0.008666491706686276
7484.666061532617	5.835263041988557	25.028574819472436	267.95366632687313	183.39398131964035	266.7548819194769	0.551368817154562	0.016672180119967305
5832.619627617745	4.543539960147373	20.207401752679033	220.02081561947884	142.79697017606028	207.7046838924513	0.43313375323340114	0.012981542743278209
7912.404390902666	6.170476523250269	26.20185724007194	279.18620752638026	193.92926215929418	282.0789267771552	0.5812688083673099	0.0176299329235722
2911.1845915568024	2.266337656066417	10.281516558678868	112.93115325817153	71.22775490494452	103.60400713446475	0.2175192481017643	0.006475250445904047
6970.8620458426285	5.433059468883928	23.736314082968203	256.3728156417644	170.75329759349492	248.36843286326533	0.515026879723341	0.015523027053954083
4430.009667611367	3.449500276631056	15.548240854407405	170.29556408540483	108.41286583697604	157.6914412174197	0.33029310554055885	0.009855715076088732
5208.859736945108	4.056777244230804	18.16916987889414	198.44332451198022	127.49871339011098	185.45267402197962	0.38761055112790943	0.011590792126373727
5427.272472916421	4.227172712285935	18.889859831720983	206.10979241601646	132.85399952898652	193.24218113307128	0.40359428517015444	0.012077636320816956
3842.893624768045	2.992005432059178	13.531006727391805	148.41764952253067	94.03445643614559	136.77739117984814	0.28682172925001315	0.008548586948740508
3381.7549808012855	2.6328021253410627	11.92855881622783	130.94710985427267	82.74520965357625	120.35666858702001	0.25256050944779174	0.007522291786688751
6304.527310465859	4.9121060671713295	21.70398784455872	235.6240538068583	154.3804763968132	224.5534202135465	0.46729263602216264	0.014034588763346656
3380.7803926058396	2.6320430679027664	11.925158661445534	130.9099725100674	82.72135356265836	120.32196881841219	0.2524880109901895	0.007520123051150762
6962.38339971828	5.426426299514644	23.711118771323395	256.11934732609865	170.54482655617454	248.0652022635266	0.5144235761402981	0.015504075141470413
3910.231546461369	3.0444666835272303	13.763811102125018	150.9498099471857	95.68323862514151	139.17561981838767	0.2918168955130025	0.008698476238649229
5584.02013194374	4.349490239759269	19.402575837502845	211.54033732356734	136.69826467814846	198.8338395318523	0.41503722606794785	0.012427114970740769
5706.579494361519	4.445147753938426	19.800675520485573	215.74217560861942	139.70464369520766	203.20675446575663	0.4239670023059164	0.012700422154109789
4070.546586741258	3.1693738775889746	14.31665726094244	156.95594630879697	99.60889329565349	144.885662975496	0.3037000427317222	0.0090553539359685
4648.877666995779	3.6201048148069264	16.291937758590176	178.3194883097018	113.77472275107485	165.4905058197452	0.34644547252714797	0.010343156613734077
5462.086366080674	4.254337366865162	19.00407017677262	207.3212478129116	133.70774581576222	194.48399391383597	0.4061378682573807	0.012155249619614748
3583.9149749704034	2.790262674286956	12.632698749714365	138.63212458342664	87.69396976330434	127.55486511026083	0.26759121722345036	0.007972179069391303
3767.416401392479	2.933205813118041	13.269672036219514	145.5732094559756	92.1864684122813	134.0894085996819	0.28122023580383465	0.008380588037480118
3251.6221862949383	2.531451465584579	11.47411152413424	125.98133291378223	79.55990320408677	115.72349556958075	0.2428771334372719	0.007232718473098797
7117.7353845588905	5.547983459703065	23.979779340043134	257.6468069745474	174.3651944478106	253.62210101499727	0.5254597858339668	0.01585138131343733
4785.354506462736	3.7265048061219392	16.75301670122694	183.28063480069343	117.11872247811807	170.3545054227172	0.3565005473253187	0.010647156588919826
2811.292283366712	2.1885537041514653	9.930702753269562	109.0879252478032	68.7831164161889	100.0481693326384	0.2100725418601502	0.006253010583289901
6096.966812369063	4.749963072582183	21.051067819736694	228.84578616119668	149.28455370972577	217.14116903232838	0.4523013627383277	0.013571323064520524
5042.309830249087	3.9268736116001026	17.615039544219595	192.52472166988719	123.41602779314609	179.51422224457613	0.3753936150886459	0.011219638890286009
5241.689191466451	4.0823862517065574	18.27794214619629	199.60274443153207	128.30356791077753	186.62337150658547	0.390015840383666	0.011663960719161592
5111.6136869335105	3.9809253019959057	17.846081560812795	194.99484670488775	125.11479520558561	181.98515666267	0.38048014622122756	0.011374072291416874
2894.2672283854504	2.2531642830691387	10.22212941794402	112.28068263804191	70.81373461074438	103.00179579744635	0.21625828214754111	0.006437612237340397
7153.622349583693	5.576069592935283	24.083971538992852	258.6804980438311	175.24790149225174	254.90603853418435	0.5280037072677811	0.015931627408386523
3367.2037168541947	2.6214689204646895	11.877786898323627	130.39253977861765	82.38902321460452	119.83857922124294	0.25147802265996305	0.007489911201327685
3135.695373386653	2.441169913463627	11.068572941011025	121.54648427726049	76.72248299457112	111.59633890119437	0.23424609345616398	0.006974771181324648
5428.728757351463	4.228308999518069	18.894641076756415	206.16052800144183	132.88971141342503	193.29412569225462	0.40370070811525066	0.012080882855765914
4613.306402290044	3.5923751266820765	16.171417147008327	177.02093475382856	112.90321826715098	164.22286293403778	0.34382253703978816	0.010263928933377362
7153.882135643008	5.576272916932161	24.08472454575127	258.68796124688316	175.2542916750108	254.91533334547026	0.5280221151011915	0.01593220833409189
6368.739345410929	4.962279437760731	21.90418395041561	237.69253476991486	155.95735375819444	226.84706001191918	0.4719193466457192	0.014177941250744949
5560.215670463626	4.330912805217368	19.324965369812077	210.71964559479392	136.11440244968873	197.98458538136543	0.4133010208314003	0.01237403658633534
5260.863154270374	4.097343611985547	18.34139894202994	200.27876755684292	128.7736563766886	187.3071365479107	0.3914201972418228	0.011706696034244419
5606.828545914309	4.367290924134251	19.476851934352513	212.32530918377617	137.25771475850502	199.64758510328	0.41670024283899076	0.012477974068955
7323.683741050292	5.709195486941339	24.573018246982155	263.5043979916582	179.4318581610135	260.9917936887469	0.5400299604007627	0.016311987105546683
7020.497770421707	5.471893822191541	23.695773778147043	254.81913428302968	171.9738058403056	250.14371758589905	0.5185564906639096	0.01563398234911869
4975.953617759642	3.8751248919567973	17.39322901841792	190.15020543111862	121.78963946149935	177.1485664894536	0.3705196884384521	0.01107178540559085
4524.763726070227	3.523355490946038	15.87082656640447	173.77917049490605	110.7340297154469	161.0676795861046	0.337289847054481	0.010066729974131538
7432.471458376473	5.794383376801064	24.881676859559203	266.523872378388	182.10919184231918	264.8860972251915	0.5476974127169353	0.01655538107657447
3273.543653275803	2.54852400977197	11.550725558935405	126.81880068816507	80.09646887854763	116.50395473243292	0.24450874976349135	0.007281497170777057
7350.986781395405	5.730573487213955	24.650795919835126	264.2671605678317	180.10373816958142	261.9690737012093	0.5419562183319222	0.016373067106325585
4656.524036363227	3.626065690458396	16.31782649905924	178.59833412466523	113.96206455726387	165.7630029923838	0.3470091807705246	0.010360187687023988
3430.636845140021	2.670874216751632	12.099032117605717	132.8087310308902	83.94176109790844	122.09710705150319	0.2561963287300841	0.007631069190718949
3337.3153232142963	2.598190697685665	11.773465791526995	129.25288817435933	81.65742192726375	118.77443189420183	0.24925435067379872	0.007423401993387614
7065.317871324799	5.506964086614635	23.82698608997194	256.1273358514539	173.0760141507457	251.7469296738119	0.521740326870517	0.015734183104613244
5056.144292181	3.937663082765507	17.661211550368478	193.018623669648	123.75512545834452	180.00745521213747	0.3764093123024565	0.011250465950758593
4114.653752565946	3.203741903195762	14.46839557438097	158.6025989116629	100.68903124329537	146.45677271752055	0.306967068022964	0.009153548294845035
6649.2486350525505	5.181530943855601	22.768208356171034	246.56158668739783	162.8481153783189	236.86998600482752	0.49206623036382824	0.014804374125301719
4659.102232284751	3.628075583171854	16.326554173397696	178.69233179222607	114.02523261397255	165.85488380214187	0.3471992421090847	0.010365930237633868
5256.466708249735	4.093913969740827	18.326853454678602	200.12383482598406	128.66586762042598	187.15035290243782	0.39109821800204175	0.011696897056402363
3165.224837787686	2.4641664495662927	11.171933155872289	122.67709680534024	77.44523127208348	112.64760912303053	0.23644504067138758	0.007040475570189408
4378.460596557176	3.4093234211451313	15.372364889020298	168.39434682992632	107.15016466456126	155.85478496663455	0.32648424771286405	0.009740924060414661
4591.423114409301	3.5753164139283666	16.09720458320008	176.22097737822384	112.3670872948915	163.44303606529675	0.342208482199612	0.010215189754081047
3989.8667129611454	3.1065115169073585	14.038687003262597	153.93734812705492	97.63321910280268	142.0119550586221	0.2977213971341405	0.008875747191163881
7488.278415484317	5.838092488189245	25.038712548785654	268.0521616756809	183.482906771662	266.88422803150837	0.5516227347265948	0.016680264251969272
3314.796265388175	2.580652219389148	11.694835461188436	128.39374054791995	81.10621260937322	117.97267288636104	0.24757874373748592	0.007373292055397565
5687.742781314575	4.4304446089770915	19.739653961933072	215.09898223203845	139.24254485356576	202.53461069609563	0.4225955640668193	0.012658413168505977
6846.494558894718	5.335773961431155	23.364935056370346	252.62620555506098	167.69575307355058	243.92109537970993	0.5061663539104709	0.015245068461231871
8060.356432682939	6.2865126931070945	26.594363378010694	282.8601065152415	197.57611321193727	287.3834373991815	0.5915293908217926	0.017961464837448843
7970.836600108538	6.216298274239114	26.357723020198843	280.6506500199545	195.3693743332293	284.17363539378806	0.585326324443216	0.017760852212111756
7395.508950605152	5.765436846387491	24.777178417415584	265.50388136491654	181.19944374360685	263.5628272634282	0.5450945580608548	0.01647267670396426
4341.561405197555	3.380565641346579	15.246312295421065	167.03091079334388	106.24634872803533	154.54014360441502	0.32375682291792807	0.00965875897527594
4888.164070177744	3.806667004578547	17.098905778958844	186.99494389986222	119.63810585818291	174.01906306644787	0.3640660117543618	0.010876191441652992
3503.7322217350966	2.727807028681853	12.35369927284463	135.58852889724233	85.7310780442868	124.699749882599	0.2616314737995468	0.007793734367662438
7023.473820450213	5.474222377911881	23.70450226929516	254.90625268585362	172.04698902008766	250.2501658474002	0.5187679955894858	0.015640635365462514
7277.851664841474	5.673312512213896	24.44199336947209	262.21663246560615	178.30410752672242	259.35142912977807	0.5367936096096967	0.01620946432061113
6644.37700789095	5.177722182280838	22.753354050639324	246.40995747971834	162.72841144311204	236.69587118998115	0.49171726831278323	0.014793491949373822
7910.043681211465	6.168625438396252	26.19553709548674	279.12667740454145	193.87108520673934	281.99430575525724	0.5811047402831547	0.017624644109703578
4177.191245930294	3.2524726992165665	14.68325453067336	160.9328019897045	102.22057054680637	148.6844662499002	0.31159740233394373	0.009292779140618762
7417.061300759167	5.782314874383751	24.83815719192877	266.0993720374202	181.72989605206075	264.3343942575429	0.5466125375285478	0.01652089964109643
5522.939471026575	4.301823018599393	19.20324830657217	209.43157249324767	135.20015201312376	196.65476656454368	0.4105810928264492	0.01229092291028398
4678.191021060665	3.6429568515401076	16.391150151263293	179.38791675131063	114.49292961983195	166.5351703561192	0.34860629693268336	0.01040844814725745
5402.986080959331	4.208223223195498	18.8100751495594	205.2629142342658	132.25844415757277	192.37591877465132	0.40181917465339473	0.012023494923415708
4346.593677714967	3.3844875435175847	15.263510933467913	167.21697738965102	106.36960851055268	154.71943056080391	0.324128835545222	0.009669964410050243
7588.55404043048	5.91664534039361	25.318609572688075	270.76223699264625	185.9517106980849	270.47521556085076	0.5586619437449932	0.01690470097255317
7591.834034606022	5.919215117055614	25.32771504597452	270.850091426931	186.03247510746218	270.5926910653995	0.5588918886174485	0.01691204319158747
6308.127058864408	4.9149186508121305	21.71523384549121	235.74037756206164	154.46887188266695	224.68199546569738	0.46755215238231235	0.014042624716606087
6961.19193163367	5.425494178071019	23.707576722253034	256.0837053526281	170.51553131080348	248.02259099753235	0.5143387875079929	0.01550141193734577
8051.845335690229	6.279836312727562	26.571977928719324	282.6518369270475	197.36628411429479	287.0782314389743	0.5909403267920338	0.01794238946493589
3602.4370554114826	2.804690221600484	12.697091467620982	139.33430418800538	88.14740696458665	128.21441013030784	0.2689675388479151	0.00801340063314424
5415.84464939394	4.218256062123829	18.85232888273552	205.71147775664988	132.57376195246323	192.83456283994647	0.40275908735050264	0.012052160177496656
6673.337620801866	5.2003648598339325	22.841578237208097	247.31007072594497	163.44003845192358	237.73096502097974	0.49379126339166185	0.014858185313811235
5142.22043686614	4.00479761934848	17.947910013838374	196.0824457316897	125.86506803666649	183.07646259878763	0.38272521979074475	0.011442278912424227
6973.281053858126	5.434951973518928	23.74349911275389	256.44507863208656	170.81277631059487	248.45494736086525	0.5151989853241613	0.015528434210054079
6199.2469254310445	4.8298554468106225	21.37389657233606	232.20319098685832	151.7954568997624	220.79339185419985	0.45969536362143903	0.013799586990887493
3120.1373364785463	2.4290539636739994	11.014100296255938	120.95055296146361	76.34169600118284	111.04246691081141	0.23308743735947374	0.006940154181925713
5861.495894326316	4.566084627780345	20.30018897659245	220.99479440929554	143.50551687309658	208.73529726995866	0.4352314391602941	0.013045956079372416
3401.9988815754723	2.6485691596143406	11.99917436449095	131.7183326443394	83.2407450164507	121.07744729665556	0.25406635129004956	0.007567340456040973
6740.5499440745325	5.252919415622544	23.04557367215431	249.38706092221523	165.09175306242278	240.13345899988767	0.4985999790271191	0.015008341187492981
