4335.699922434558	3.3759975151487676	6.6280955234460865	226.34477164451778	106.10277904753269	154.33131497822936	0.3233234911033426	0.009645707186139335
3982.623253282078	3.100867896701512	6.11623975573766	208.34507060793788	97.45584818204753	141.75396099206912	0.29718446749793503	0.00885962256200432
3365.6536028287906	2.620261624006818	5.198947338828494	176.5378225939692	82.35107961164285	119.78338852602597	0.2513627032543189	0.007486461782876623
4169.78744387998	3.2467033465292783	6.3889476721281095	217.90793824616588	102.03924803377733	148.42072441276702	0.3110493317218622	0.009276295275797939
6516.141671820693	5.077477478856303	9.42878837255518	331.9213558893285	159.5778636211981	232.11325617628816	0.4825195813336123	0.014507078511018009
7734.005364652208	6.030622538803643	10.373673628019807	380.65014803598143	189.53385121954304	275.68560177388076	0.5688398435840379	0.01723035011086755
7092.339865892772	5.528109579639835	9.838926136308162	354.1171509322256	173.74058678868053	252.71358078353535	0.5236583132504886	0.01579459879897096
4475.139071362542	3.484675204462989	6.827028701985943	233.4035563488649	109.51836356883682	159.2994379183081	0.3336262383055731	0.009956214869894255
3055.5369603889867	2.3787467279652477	4.729478257749916	160.4199315562782	74.76061145033636	108.74270756412561	0.22827566535439825	0.006796419222757851
3109.1736989994483	2.4205159882056164	4.811000559086769	163.21265861265226	76.07335962931937	110.65215946082817	0.23227089644692345	0.006915759966301761
5012.994029164382	3.9040108383224386	7.574160447530818	260.3181541685029	122.6974834901338	178.46906689474005	0.3732407865767368	0.011154316680921254
5625.447808697302	4.381822638131903	8.377549058528443	290.23194672531037	137.71442576985982	200.31189202888697	0.4180574231931335	0.012519493251805437
3293.6489701803125	2.564182281269011	5.090367017756242	172.80204704573146	80.58858598274034	117.21976142944051	0.24600504763813533	0.007326235089340031
3224.715624733941	2.5104967411773855	4.98616792226542	169.22173963275367	78.90132615128927	114.76556531096622	0.24087425826639805	0.007172847831935388
5534.1210224299	4.3105487758986465	8.26143357627716	285.82836248555896	135.47439009967175	197.05365832679527	0.4113971217962334	0.012315853645424705
7348.480038537289	5.728610676022385	10.066548704028905	364.9279203019929	180.0420498178464	261.87934518959474	0.5417794181748681	0.016367459074349673
4440.694180725154	3.4578279118614192	6.778070055746971	231.6626943693401	108.67459151564461	158.07213311366488	0.3310823523559188	0.009879508319604055
4919.758967790052	3.8313038016742578	7.447161717859036	255.69155396880814	120.4124051954767	175.14531664796607	0.3663893521343362	0.01094658229049788
6216.806695446521	4.843573021934229	9.09322495619722	318.1853803472812	152.22658068936147	221.42048100270762	0.4609634888003308	0.013838780062669226
7645.584990485503	5.961330385247062	10.307177736221465	377.1053180975596	187.35609782205051	272.51796046843714	0.5626573161680357	0.01703237252927732
6548.588094901969	5.102839310277828	9.463974707534994	333.39188099489354	160.37494975158884	233.27265418412927	0.4848489661648212	0.014579540886508079
7328.786163307983	5.713190526983082	10.04969257119175	364.10670220065697	179.55741656232541	261.1744240906551	0.5403900383301267	0.016323401505665948
4562.311355914001	3.5526234297341905	6.950376070918497	237.80067366839535	111.6538792202174	162.4056425021344	0.34006076544386765	0.0101503526563834
7766.972028142104	6.05646146662431	10.39784480667023	381.96218327142657	190.34593180819263	276.86680990282565	0.5711411930526545	0.017304175618926602
4751.800085543709	3.700343770179177	7.215609562183949	247.31403284887315	116.29651849134557	169.15857235104806	0.3540296480444185	0.010572410771940505
5343.590561081465	4.161882336218593	8.014856405693475	276.5742950886828	130.80201628115577	190.25747822713566	0.39747555378721594	0.01189109238919598
6471.6154455986225	5.042675967322914	9.380114444876908	329.89734898706735	158.48410183014875	230.5223299347618	0.47932062045134033	0.014407645620922612
3013.5802510735934	2.346073845835892	4.665622170366974	158.2340167722711	73.73374944055662	107.24909009535509	0.22514985834081835	0.006703068130959692
5691.415270373206	4.433311167512764	8.460548502590479	293.3992281444857	139.3326366932583	202.6656533720121	0.4228629751855614	0.012666603335750756
7608.970891019678	5.932641670887108	10.278940636394365	375.62656769752454	186.45445251359482	271.2064763834107	0.5600929541486444	0.016950404773963167
7858.103505647972	6.12790095383023	10.462877412647288	385.5614668317238	192.5911728346644	280.13261503223913	0.5774921762764366	0.017508288439514946
2900.7417743365813	2.2582059344897565	4.493532681648179	152.34971141438797	70.9721865125352	103.23227129096031	0.21674088281497847	0.006452016955685019
5908.995915047616	4.603171676792027	8.728873614311288	303.761738171986	144.67110984203515	210.43070522477842	0.43867999498071314	0.01315191907654865
7681.032203031946	5.989107325990229	10.334125038387313	378.5309029149716	188.22908738826433	273.78776347383905	0.5651376008826022	0.01711173521711494
3042.284624385945	2.3684266982751203	4.709316872767058	159.729618770704	74.43626766007522	108.27093477829122	0.2272884107192111	0.006766933423643201
7154.768162110584	5.576966374752945	9.896054189727977	356.7775855655734	175.27608606366397	254.9470342744203	0.5280848960390675	0.01593418964215127
5337.303150346386	4.156977054323985	8.006623245094676	276.2674247352467	130.6478502787538	190.03323676909645	0.39701555887603696	0.011877077298068528
7819.327916944658	6.097502029399199	10.435529223274202	384.0350010037384	191.63577806683196	278.74294991539193	0.574791836262601	0.017421434369711997
5715.013862334628	4.451731397963217	8.490058112108848	294.52944545794924	139.9115582217011	203.5077210497471	0.42458095857172323	0.012719232565609192
2849.142279947151	2.218026348145386	4.414675903308486	149.6563775108303	69.70939951314071	101.39549020093195	0.21289445387644157	0.006337218137558246
5914.279344665518	4.607297041193273	8.7352820232616	304.01170620350604	144.8007641517886	210.6192933116925	0.43906342031575635	0.01316370583198078
6518.521977486949	5.0793379979424245	9.431377815221104	332.0293612315056	159.63633707819048	232.198308477368	0.48269051680637304	0.0145123942798355
4656.303805356416	3.6258940044797487	7.08244933379034	242.52748846683033	113.95666871222069	165.7551544905028	0.34699294540196113	0.010359697155656426
4011.2420364839263	3.123165911751429	6.158128231268936	209.810238599986	98.1566429407592	142.77329882292247	0.2993057100056268	0.008923331176432655
5535.228248324551	4.311412830091284	8.262849584681966	285.88187836232095	135.5015460885832	197.09315794703014	0.41147792028745467	0.012318322371689384
3761.057761947443	2.928252321234972	5.789799010492026	196.96860932638614	92.0307872388134	133.86296325645586	0.28074821376482	0.008366435203528491
3612.9630006723073	2.8128893456622492	5.5696503472551795	189.33426588614986	88.40509372081354	128.58922723027425	0.2697496279917747	0.00803682670189214
8021.902875373091	6.256349725595911	10.573026925636619	391.92642865391247	196.62813423301432	286.0045588843845	0.5888668097222229	0.01787528493027403
7647.9767418413485	5.963204517069113	10.309008073029064	377.2016949163918	187.41499910788642	272.6036350660166	0.5628247429296409	0.017037727191626037
3854.963546042149	3.0014086256568495	5.928603143976065	201.79723961048816	94.3299853777867	137.20725145859882	0.2877172433183229	0.008575453216162427
2930.4868087522873	2.2813681888104753	4.53894517946038	153.90160822414367	71.70014307690064	104.29111720276455	0.2189578818353456	0.006518194825172786
6023.147788955625	4.692310527976207	8.866156069581162	309.1442523775574	147.47261659353794	214.5056241360552	0.4469569916514926	0.013406601508503448
4400.003747958709	3.4261137287187977	6.720078113641566	229.60376079602483	107.67786004544794	156.62234188428792	0.3280762314563336	0.009788896367767995
6531.354595441446	5.089368505755604	9.44531577481529	332.61129265319846	159.95158160946184	232.65684597739903	0.4836119239356533	0.014541052873587439
4044.15628266296	3.1488112577188074	6.206221266602249	211.49403760511112	98.96263952830539	143.94565749571692	0.30174480974708956	0.008996603593482307
6421.8785859859445	5.003805264697074	9.325220817707375	327.62837360624104	157.26245117619376	228.7453835290091	0.47574413463093623	0.01429658647056307
7633.264221274449	5.9516762395124845	10.297721366280648	376.6084183506184	187.0526818132495	272.0766280919993	0.5617946741084625	0.017004789255749955
7724.975190210182	6.023545166532992	10.366993461848653	380.2898401242929	189.31141951960834	275.36206475579394	0.5682091046320397	0.01721012904723712
5522.549017523683	4.301518322478833	8.246622413187993	285.26886402315245	135.19057584933472	196.64083759903232	0.4105525953011776	0.012290052349939521
7932.891674327529	6.186541550760006	10.514258094118926	388.484458522125	194.4341630238859	282.8133280347431	0.5826922049887072	0.017675833002171445
3659.2749707001217	2.8489643816940546	5.638652308061279	191.72410553576518	89.53888056752743	130.23837173458537	0.27319010659297166	0.008139898233411585
5493.796769487426	4.279081532245852	8.20972797221006	283.87725571703544	134.48541958486965	195.61515575981042	0.40845367661497856	0.012225947234988151
7957.238184720568	6.205633932721129	10.530591948669095	389.4299281872156	195.03420931409264	283.6861226386802	0.5843826557265757	0.017730382664917513
3734.3811765419778	2.9074710070241396	5.750253096701244	195.59512354241252	91.37766022075867	132.91296032110353	0.27876772727029975	0.00830706002006897
3902.520528501413	3.0384591063874904	5.998650023832203	204.238772411746	95.49442905789256	138.900987720571	0.2912449991328627	0.008681311732535687
6431.408135257277	5.01125258846274	9.335780833896177	328.06376503005527	157.49650992311467	229.0858326154395	0.4764296438667182	0.01431786453846497
2772.3792838536924	2.1582537238809874	4.2971870958062075	145.64685759864176	67.83083132197387	98.66302737741655	0.20717101487600975	0.006166439211088535
6640.52609430195	5.174711466193911	9.562360781999283	337.53828565478636	162.63378893752292	236.5582384545788	0.49144139764031736	0.014784889903411175
5703.085052647524	4.442420109267942	8.475153440983371	293.9583211886721	139.61891771984958	203.08206213796302	0.42371261204297817	0.01269262888362269
7704.532656470439	6.00752399964487	10.351777237047973	379.4727238238594	188.8078971316959	274.62966855519403	0.5667806714998217	0.017164354284699628
6314.7060620136535	4.920059055679292	9.205096114611228	322.71070042347867	154.6304274642063	224.9169854024819	0.4680264087441929	0.014057311587655118
6986.300229657633	5.445137660585708	9.914159542676682	352.8504034736096	171.13289790412225	248.92057876963233	0.5161251064315372	0.015557536173102023
5820.408381466001	4.5340065320753755	8.620654931839184	299.5586068386854	142.49734815094038	207.26887003773146	0.43224640172200307	0.012954304377358216
6133.085800253535	4.778174522078984	8.995983175964502	314.2910909525457	150.1711992653395	218.4308352950393	0.454913928427606	0.013651927205939956
3693.9545789690283	2.8759789540682097	5.690230307419968	193.51224670257653	90.38790998500087	131.4733236145467	0.2757658280364011	0.00821708272590917
5084.250190113363	3.959583352365849	7.670444945570413	263.8420750182148	124.44404821721237	181.00952467958163	0.37847229569228136	0.011313095292473853
4403.08830525548	3.4285177975807004	6.7244800730992855	229.75992990162007	107.75341649539345	156.73224217511773	0.32830414854898743	0.00979576513594486
3575.6296475497506	2.7838089692826484	5.513925733822709	187.40619699981363	87.49113903459752	127.2598385957782	0.2669755133014587	0.007953739912236139
4233.7382463451795	3.296537601404861	6.481428907074128	221.16458542571215	103.60546747272419	150.6988617785079	0.31578229757728177	0.009418678861156745
7752.486170988189	6.04510733051928	10.387265673610212	381.38631183102143	189.98908753060596	276.34776368088137	0.5701302113901008	0.017271735230055086
7175.825261564582	5.593447339358139	9.915087224011762	357.6712922785415	175.7940592369701	255.70044979922923	0.5295765555733397	0.015981278112451827
2819.915293380591	2.1952681469688087	4.3699670595266795	148.13015576113642	68.99414176187685	100.35511529000267	0.21071546259765891	0.006272194705625168
6987.237038548419	5.445870593716972	9.915071911553257	352.8912573776348	171.15593294539056	248.95408428420444	0.5161917362806885	0.015559630267762777
5475.731541842531	4.264984798611416	8.186478836609194	283.0018439203107	134.04237938493023	194.97073365080757	0.4071344950776287	0.012185670853175474
7960.590395431728	6.2082628141806495	10.532825695070825	389.559871834709	195.11683130282043	283.80630007682976	0.5846153180389927	0.017737893754801858
7167.316074388355	5.5867872770204325	9.90741040915898	357.3103685592004	175.58474299207074	255.39598980664832	0.5289738623864192	0.015962249362915522
5252.318521771231	4.0906780105955205	7.894757006797074	272.1105610022856	128.56416604728778	187.0024233415095	0.39079440437294566	0.011687651458844345
5699.79453540003	4.439851654006362	8.471037690514427	293.8007112815888	139.53819484019996	202.96464704029086	0.42347305534882423	0.012685290440018178
3921.9043587898755	3.0535609152128784	6.027151155546075	205.23315547959172	95.96905733526188	139.5913561240173	0.292682567242634	0.008724459757751081
5117.356755295842	3.9854046514491537	7.714944848316341	265.47569288468316	125.25557475983054	182.18992692338986	0.38090147432355176	0.011386870432711867
2874.4617484447763	2.237742065423702	4.453382554031286	150.9781653048943	70.32903634188779	102.29678013365495	0.2147819512717649	0.0063935487583534345
7004.981987587925	5.459754026055831	9.757252683715622	350.3674920995675	171.59226939032612	249.58875547683803	0.5174535735372435	0.015599297217302376
5649.160811841764	4.400330406007708	8.407469991766227	291.37179877765084	138.29609847452795	201.1579614174952	0.4197853740858966	0.01257237258859345
4324.675542840585	3.367405764494544	6.612285204930716	225.7854143038578	105.83275259839992	153.93854923403626	0.3225084163453947	0.009621159327127267
7145.201072654281	5.569478665739488	9.887367150791231	356.37092584616346	175.04075806609816	254.6047390052337	0.527406935661827	0.015912796187827108
7885.572424674806	6.149437673568069	10.481959273037464	386.63830770645444	193.26804116928216	281.1171507916832	0.5794033594736175	0.017569821924480197
7409.923517934611	5.776725053587465	10.118429018307506	367.4790723671	181.55421596989177	264.0788595925698	0.5461098972242926	0.016504928724535614
6207.985579787067	4.836681973308169	9.083046792458644	317.7761113026848	152.0100048753996	221.10546163694485	0.46032649680134397	0.013819091352309054
6502.1640126710545	5.066552285388443	9.413556749432118	331.2867249877777	159.23450039792252	231.61381876061452	0.48151565550228587	0.014475863672538409
4384.28546049892	3.413863174402174	6.69763183452639	228.80772536088807	107.29284262406833	156.0623165440994	0.3269147188432196	0.009753894784006211
7797.485626772176	6.08037968253583	10.419913108035821	383.1718769702431	191.0976471654118	277.96021405878076	0.573269464008252	0.0173725133786738
5793.2331168849205	4.512791198200898	8.587170846884838	298.26480563692473	141.83058051488538	206.29902620346968	0.4302710742534543	0.012893689137716853
3134.2006023928684	2.440005844725869	4.848995162113304	164.5150675472816	76.68589797709873	111.54312433032544	0.23413477636050137	0.00697144527064534
4947.823562815993	3.8531884832566505	7.485508243995069	257.08604215639645	121.10020947378047	176.14575923458975	0.3684524299189987	0.01100910995216186
3312.35760644149	2.5787529343490814	5.118605171430469	173.77310308168848	81.04652079382828	117.88584842738658	0.24739727646481097	0.007367865526711662
6644.471321237567	5.177795918499849	9.56653863833727	337.71553285342924	162.73072886713814	236.69924198856455	0.49172402444151503	0.014793702624285284
5071.055893158087	3.9492928057924805	7.652668030424519	263.19036333186494	124.12063103919223	180.53909969337053	0.3775039119350149	0.011283693730835659
6242.122243512402	4.863350093224296	9.122345673347493	319.3585489392132	152.84814578704933	222.32457569025357	0.46279103730900034	0.013895285980640848
3338.369598948001	2.5990118020984307	5.157836360669192	175.1227625895195	81.68322806595069	118.81196809592826	0.24933279329571284	0.007425748005995517
5958.174060215568	4.641571885716102	8.788320405500453	306.08530072676876	145.8779735510775	212.18614334702184	0.4422476830569937	0.013261633959188864
3470.105232516534	2.7016152349193407	5.355953207193502	181.94922583300578	84.90790738317928	123.50241073916987	0.2591313282727429	0.007718900671198117
4161.077815314347	3.2399164817162234	6.3763239950945945	217.46396663310398	101.82594656822417	148.1104677355988	0.31040455714003423	0.009256904233474925
4186.243281302381	3.2595264697471835	6.412780216080383	218.74648569178618	102.44226047776863	149.0069243312998	0.3122674423212426	0.00931293277070624
5390.511949597295	4.1984905020415715	8.076107846072237	278.86144009748654	131.95255863559225	191.93099437904326	0.4009072122828375	0.011995687148690204
5778.711956520821	4.501455097078144	8.569224195868008	297.5726182178994	141.47430305102736	205.780804437858	0.4292152223891003	0.012861300277366126
7120.287624208929	5.549980838838329	9.864629986679306	355.31016442658773	174.4279692206332	253.7134097754665	0.5256407755864535	0.015857088110966654
8003.176339222634	6.241661789804947	10.560880428752558	391.2056618036344	196.1665133938698	285.3331103910833	0.587569081136333	0.01783331939944271
6879.120228453588	5.361292679079775	9.808289222170616	348.1532981135387	168.4977699139358	245.08766532936116	0.5084930434878201	0.015317979083085072
5512.1253863811	4.293384149417063	8.23326242693088	284.7645998759988	134.93493041025056	196.26898968763717	0.4097917631845996	0.012266811855477323
8046.325441716494	6.275506413149113	10.588692352862795	392.8637100762834	197.230201556115	286.8802931725309	0.5905582095785266	0.01793001832328318
5641.337944416064	4.394224664675764	8.39760968837436	290.99592746290114	138.10420374695258	200.8788418137492	0.4192153913382978	0.012554927613359326
7499.9035132075805	5.847198240435882	10.192436894363624	371.184599504535	183.76908755655634	267.3004909913547	0.5524397224505008	0.016706280686959667
3716.273429814011	2.8933650954402768	5.723381701283723	194.66238234097426	90.93433157098012	132.26811864869836	0.2774232156810518	0.008266757415543648
4523.9631824264825	3.5227314876247346	6.896213546021455	235.8678688026529	110.71441818249168	161.0391537199879	0.33723075872152264	0.010064947107499243
5492.8587841121425	4.278349591074308	8.208522116220903	283.83182242530125	134.4624157194783	195.58169559196838	0.40838518977284893	0.012223855974498024
4357.657227772472	3.3931099815182337	6.659549822921699	227.4583010447382	106.6405994191445	155.11359915511926	0.3249466580197062	0.009694599947194954
3008.490071429194	2.342110015083481	4.657870152908802	157.968744352686	73.60917190262369	107.06788640381627	0.22477060198125262	0.006691742900238517
2810.5954109703002	2.1880110743173766	4.355703998316406	147.64337693145777	68.76606233568899	100.0233633973658	0.21002058314403763	0.006251460212335362
3116.0498086735415	2.4258707808457536	4.821442342634455	163.57053744169755	76.24165311229511	110.89694998152018	0.23278301403091528	0.00693105937384501
4987.628114398034	3.8842291123152677	7.539721073949809	259.0611638389909	122.075772101337	177.56475942012653	0.3713774519047993	0.011097797463757908
5138.867813467476	4.00218263450444	7.743777383572324	266.53587897763214	125.78288279871093	182.95692043448864	0.38247933663154027	0.01143480752715554
5583.476588320562	4.349066041514163	8.324357745233568	288.210849074494	136.68493273330225	198.814447612076	0.4149975885124082	0.01242590297575475
7063.410353921901	5.505471446537325	9.81210104897256	352.87884815586904	173.0291026054588	251.67869469884917	0.521604889649912	0.015729918418678074
4799.574673353394	3.7375919728488975	7.281824032617754	249.70239486692867	117.4671762895368	170.86134733023533	0.3575474471039893	0.010678834208139708
5010.2339138488915	3.9018583220994794	7.570417158400482	260.18144250090273	122.62983298026934	178.37066615311906	0.3730380589393465	0.011148166634569941
3136.121906767292	2.4415020809858525	4.851910817152805	164.61503470921633	76.73292254526966	111.6115237022104	0.2342778576991251	0.00697572023138815
7103.344033142205	5.536721020602224	9.849071611031212	354.5872732496387	174.0112320760699	253.1072466561017	0.5244390393730278	0.015819202916006355
5678.0728119763135	4.422896795141833	8.443821328537567	292.75955117048426	139.00532784731476	202.18956777791237	0.4218913803498497	0.012636847986119524
7200.037646071978	5.612398850680507	9.936823523327583	358.69661251112956	176.3896781642445	256.56680460253745	0.5312908322598231	0.01603542528765859
6233.523279393129	4.856632292927884	9.112469112814518	318.9602882288831	152.63701492059062	222.0174762481318	0.4621703620650121	0.01387609226550824
5280.145436693195	4.112385832662622	7.931504166762472	273.4734944706686	129.2464118836824	187.9947809217199	0.3928321527053357	0.011749673807607493
4312.353202651886	3.357802554154474	6.594599582524182	225.15998589043144	105.53093741628345	153.4995453327759	0.3215972911851047	0.009593721583298496
6848.215292453713	5.33711981896268	9.777221435372569	346.790534679387	167.7380514531128	243.9826202954368	0.5062891076122261	0.0152489137684648
7243.888753144172	5.646724636752215	9.975782041554995	360.5472515620432	177.46848858364106	258.135983394387	0.534393095002646	0.016133498962149186
3760.521700655749	2.9278347209720006	5.789004832355638	196.94101696516233	92.01766265912	133.84387295872003	0.2807084193920847	0.008365242059920001
3800.3633398393513	2.9588723765882805	5.847974960336592	198.99090157579283	92.99313183563167	135.26273721546426	0.28366569630836175	0.008453921075966516
7839.050990300603	6.112963951021205	10.44949983115983	384.8123625924649	192.12172417495213	279.4497806181122	0.5761657169320689	0.017465611288632013
3212.482681013602	2.500969857349329	4.967652081905553	168.5859949567009	78.60190980240748	114.3300506216836	0.23996358198652526	0.007145628163855225
4176.358701722592	3.2518239442317896	6.398467546587738	218.24283768849747	102.20018110442766	148.65480887916752	0.311535774321471	0.00929092555494797
6119.9466402732605	4.767911723634684	8.980593138511892	313.67792435932313	149.8486541713758	217.96167879472844	0.4539637275229938	0.013622604924670528
3344.8093287603037	2.604027283405432	5.167543209492623	175.45680904587334	81.84085747845643	119.04124724139118	0.24981192823853868	0.007440077952586948
6107.652660614732	4.758309287779715	8.966161770025508	313.1037150813404	149.54686333021962	217.5227102985013	0.45307445845272953	0.01359516939365633
5351.992139432371	4.16843710134931	8.025848625790479	276.9842066418965	131.00802318526405	190.55712463311136	0.39809016633508804	0.01190982028956946
3990.4974414926965	3.1070029398448584	6.127771568087029	208.74829992457833	97.64866382369554	142.0344201071935	0.2977681493282876	0.008877151256699595
7062.252075753421	5.504565092238553	9.811022427761182	352.8291978214781	173.00061718464025	251.63726135947675	0.5215226469539435	0.015727328834967295
7404.574152879068	5.77253586124223	10.113955222388618	367.2576307902653	181.42255563904152	263.88735365678764	0.5457331385882053	0.01649295960354923
5692.880689404799	4.434455003509368	8.462383795458475	293.46945564932196	139.36858582458012	202.71794301757103	0.4229696752305125	0.012669871438598192
7101.276766447994	5.535103240639532	9.847168115899317	354.49899308424887	173.9603875629567	253.0332910006643	0.5242923853315863	0.01581458068754152
7711.764853585971	6.013191901243369	10.357175284641157	379.76203429618573	188.98603118193444	274.88877262826827	0.5672861145652744	0.017180548289266767
3696.461897948166	2.877932116456663	5.693956247942035	193.6414800350663	90.44929508863797	131.56261103801884	0.2759520312686617	0.008222663189876179
3746.2342796488015	2.916704644652616	5.767830504824996	196.20549406248145	91.66786026051078	133.33506946983385	0.27964774856104063	0.008333441841864617
3701.82131799883	2.882107031051591	5.701919058789167	193.9176955223886	90.58050669019286	131.75346427664417	0.2763500333855617	0.00823459151729026
5904.242415675942	4.599460117444407	8.72310351970952	303.53677308493195	144.55446083396706	210.26103394031574	0.4383350002647696	0.013141314621269733
5956.971029373532	4.640632476683396	8.786871620331297	306.0285444168466	145.84844926719245	212.14319893409808	0.4421604408660311	0.013258949933381132
2712.3516131724687	2.1115133545150755	4.2051738346236505	142.5093163059559	66.36184828475952	96.52632477783203	0.20269438771092066	0.006032895298614502
3790.452099559018	2.9511511935296175	5.833315782693418	198.48112415352682	92.75046608235941	134.90976884706822	0.2829300947165624	0.008431860552941765
4621.954981284266	3.599117065214462	7.034298005538293	240.80187365024906	113.11510776388309	164.5310658383754	0.34446034264119496	0.010283191614898463
7049.317612868391	5.494444013123477	9.798953524927885	352.27438262213167	172.68252612673786	251.1745834570732	0.5206040997977394	0.015698411466067076
7180.851394296153	5.597381307215631	9.919612472743855	357.8843366901526	175.917698226777	255.88028832985742	0.5299324933537677	0.01599251802061609
6164.188750414134	4.802469472221768	9.03227579779998	315.74042898215123	150.93475484125557	219.54146158728082	0.45716239733176955	0.013721341349205052
4480.979923172	3.489227806900174	6.835318487889025	233.69856726481717	109.66144535971975	159.5075568868651	0.3340575311732715	0.009969222305429069
5836.412143921026	4.546500847467567	8.640311559476977	300.31957079880937	142.89002663469498	207.84003874137454	0.43340930946238354	0.012990002421335908
4370.012378874837	3.4027391320896556	6.677228081529388	228.08455110225472	106.94322986567491	155.55378889552713	0.32585986709448583	0.009722111805970445
7395.035775252534	5.765066304117908	10.105957637765624	366.86246515825843	181.18779812941995	263.54588818824715	0.545061222229035	0.01647161801176545
3267.7879098336	2.544041392190754	5.0513036455947855	171.4592915843442	79.95558661170942	116.29903507157732	0.24408036495374363	0.0072686896919735835
7128.63819928514	5.556516066444244	9.872269650502789	355.66600125174404	174.63336208824765	254.01216303745116	0.5262328753524065	0.015875760189840698
7027.576438579934	5.4774324208459495	9.778568439591451	351.34027917800074	172.14787608372984	250.39691066724342	0.5190595416907646	0.015649806916702712
7714.832685857557	6.015596205380907	10.35946018853303	379.8846813025353	189.06159502625707	274.99868367455576	0.5675004893840669	0.017187417729659735
6249.5937644148935	4.869187178687797	9.130914782313958	319.7043985797236	153.0315970444736	222.5914138828707	0.4633302576207362	0.01391196336767942
5530.320256880733	4.307582753978103	8.256571332887932	285.64463537523767	135.38117226788324	196.91806875328473	0.41111975613891494	0.012307379297080295
7177.604246095948	5.594839750315124	9.916689706231463	357.7467108486496	175.83782072418964	255.76410287154854	0.5297025434196372	0.015985256429471784
7105.327437382008	5.538273179332443	9.850896818260347	354.67195561103136	174.06001420759108	253.1782024837688	0.5245797376561366	0.01582363765523555
7674.694530143556	5.984140851399684	10.329335387723035	378.2764583471216	188.0729981868472	273.56072463541415	0.56469431688029	0.017097545289713384
7007.734598999248	5.46190768340115	9.759856610505622	350.4861135883586	171.65995576403617	249.68720838405258	0.5176492665768175	0.015605450524003287
3353.4788016387542	2.6107793896719254	5.180607535734588	175.9064641610701	82.05306653254623	119.34991495643088	0.25045693954459225	0.00745936968477693
3828.551449572551	2.9808321130694746	5.889627638514188	200.44013481832062	93.6832949821835	136.26661088317599	0.28575753821913497	0.0085166631801985
4329.151354195832	3.370893938023678	6.61870548683153	226.01253093626931	105.94238090931557	154.09800859536813	0.32283933918924734	0.009631125537210508
3769.4634460828693	2.9348005011284553	5.802249436388253	197.40122903682382	92.23658717832286	134.16230862301506	0.28137219054013074	0.008385144288938443
6887.243687683692	5.367646849817489	9.816415699131316	348.51088849309264	168.69747242283538	245.37814170594237	0.5090721148762306	0.015336133856621397
6012.79315786923	4.684224134978676	8.85380605658097	308.657600467294	147.21847281361553	214.13596045616802	0.44620681671136253	0.013383497528510502
3392.1515083406625	2.6408994777657333	5.238835231975195	177.91151389590763	82.99969787263733	120.72683326929065	0.2533338733864082	0.0075454270793306666
3725.985856472381	2.9009310438652487	5.737797479128662	195.16271890046804	91.17211852147925	132.6139905766971	0.2781443875584492	0.008288374411043568
3721.356088017598	2.8973244638392472	5.730926500936678	194.92422846144112	91.05876886351919	132.44911834693698	0.27780062092255353	0.008278069896683563
4549.75290524151	3.5428341502855245	6.932656080166708	237.16797902943904	111.34621615183076	161.9581325844811	0.3391340895566775	0.01012238328653007
4437.313790219573	3.455193187208711	6.773258728702668	231.4917459621358	108.59178588370234	157.9516885581125	0.3308326565457373	0.009871980534882032
7824.510208575729	6.101564613813235	10.439212048000094	384.2394408742492	191.76345929127308	278.9286680600336	0.5751528995376991	0.0174330417537521
3937.013805828868	3.0653327205309795	6.049347263756289	206.00795196217393	96.33902835954507	140.1294957957019	0.29380300441910895	0.00875809348723137
5308.155518287508	4.134237311753638	7.968377354209104	274.8436046010244	129.93317265511433	188.9937056801663	0.394882602380798	0.011812106605010394
2980.0668198782355	2.3199763706516014	4.6145638439279	156.48717677297034	72.91354307762175	106.05606265835891	0.2226527245660458	0.006628503916147432
4252.763517416367	3.3113637110266936	6.5088699020754195	222.1323170933489	104.07143091798179	151.3766267897917	0.31718989354135135	0.00946103917436198
4741.862118544517	3.6925957082755705	7.20180160336386	246.8166816112725	116.05300797437508	168.80437523545467	0.35329767089922937	0.010550273452215916
3717.0957045072696	2.8940056429757455	5.724602422287705	194.70474578148148	90.95446306495201	132.29740082174837	0.277484273241856	0.008268587551359273
2757.4927800627192	2.1466623075451747	4.274379375417048	144.86893700066804	67.46652966570548	98.13313405920798	0.20606091572823004	0.006133320878700499
3340.350086496091	2.600554271697433	5.160821859772149	175.22549955822618	81.73170568191932	118.88248099188266	0.24948014898046847	0.007430155061992666
3553.124366367484	2.7662790419116288	5.480291595628612	186.24326439300657	86.94019846007977	126.45847048738877	0.26530294766180923	0.007903654405461797
3901.1895274363997	3.0374221399249555	5.996691919359297	204.170476156752	95.46183868335574	138.85358353942652	0.2911462809841669	0.008678348971214158
7524.19725101807	5.8662279714755075	10.212011536330683	372.1787567684938	184.36716481780167	268.1704215531661	0.5541462591743551	0.01676065134707288
5096.68103394442	3.969278608742896	7.687171453337629	264.45573953492243	124.74875627477672	181.45273639967522	0.37938451209739826	0.011340796024979703
2986.8276272640965	2.325241098434497	4.6248677417433255	156.83963137429402	73.07900595079848	106.29673592843416	0.223156507156381	0.0066435459955271345
7244.272004493448	5.647024653577476	9.976120200415002	360.5633897217403	177.47791768386352	258.14969844925605	0.5344201941619162	0.016134356153078504
5524.968094496236	4.303406087328407	8.249720425183245	285.3858526589443	135.24990560174993	196.72713542072717	0.4107291509036606	0.012295445963795448
4542.990229794566	3.5375627100055906	6.923106885907377	236.82716627378517	111.18054231446142	161.7171524573984	0.3386350342810615	0.010107322028587402
3251.7914714580056	2.5315833050219267	5.02712393307477	170.62846342141256	79.56404672926057	115.7295225152881	0.2428897339582219	0.007233095157205506
4021.4439874481036	3.131114761904888	6.173044448245756	210.3322887946827	98.4064639455822	143.13667482993773	0.3000617828319775	0.00894604217687111
3917.8426127348125	3.0503964202538727	6.02118134095237	205.02482662432845	95.86960177940742	139.44669349731987	0.29238135021882555	0.008715418343582493
5102.21034080701	3.9735911568627227	7.694604671396747	264.7285951443208	124.88429350139987	181.64988145658162	0.37979022884208197	0.011353117591036351
3588.927659312531	2.7941672282341017	5.533784753355005	188.09312508796754	87.81668431592891	127.7333590049875	0.26796370903683236	0.007983334937811719
3782.1789623955074	2.9447061842315136	5.821074046418614	198.0555178766112	92.54790864727615	134.6151398505835	0.2823160367559275	0.008413446240661468
3131.3929979432323	2.4378193950368026	4.8447342090312375	164.3689807163913	76.61718098687095	111.44317234453955	0.23392568938714292	0.006965198271533722
7965.725207507951	6.2122896994390615	10.536240116380764	389.758804558012	195.2433905537991	283.9903862600714	0.5849716598046231	0.017749399141254462
3505.787361962991	2.729407776350345	5.409445155948441	183.79561324741226	85.78138725672513	124.77292691887291	0.2617842579956285	0.007798307932429557
4911.2942762046505	3.8247031943776766	7.435576059000702	255.2706494509482	120.20495753758411	174.84357460012234	0.3657669753466663	0.010927723412507646
4905.601628442211	3.820264208968935	7.4277793822744185	254.98750466195506	120.0654465675951	174.6406495528656	0.36534838474665804	0.0109150405970541
4946.758043453484	3.852357582303708	7.4840542042264095	257.03312674032645	121.07409544383083	176.10777519102666	0.368374113158882	0.011006735949439166
4223.059875658108	3.288216206116864	6.466012407752796	220.6211974181986	103.34393790653	150.31845513677092	0.31499215986507356	0.009394903446048182
3923.477515747511	3.0547865597524195	6.029462984524849	205.3138381211323	96.0075775922189	139.64738558868203	0.29279922957322285	0.008727961599292627
7778.254543176987	6.06530509274694	10.40603884541912	382.41000164635074	190.62387434347528	277.2710899541458	0.5719283351830263	0.017329443122134115
4136.727996996572	3.220942445069899	6.340996011628626	216.22218904436394	101.22961970219684	147.2430832031954	0.3086017132813047	0.009202692700199713
3084.984996801735	2.4016790801542003	4.774251838522172	161.9534570666799	75.48134251913201	109.791043664192	0.23046926201421808	0.006861940229012001
4736.231910748285	3.688206193425804	7.193973737269258	246.53483452365532	115.91505179338239	168.6037116994653	0.3528829479753344	0.010537731981216582
5604.496360672592	4.365470758371747	8.351033598735436	289.22361456658365	137.20050954882635	199.56437752556556	0.41653022196724304	0.012472773595347849
5568.868483816422	4.337665546455688	8.305775525377967	287.50633688918543	136.32663146003594	198.29328212368864	0.4139321898976543	0.01239333013273054
5012.559629326	3.903672064819662	7.5735713782684115	260.29663888666647	122.68683632290364	178.45358010604167	0.37320888076853354	0.011153348756627605
7275.923551041145	5.671803031900945	10.003907298114935	361.8940162118751	178.25666671688685	259.2824243154718	0.5366573814612777	0.016205151519716986
6036.059147752554	4.702393774713513	8.88152636873235	309.75061533732315	147.78951863385325	214.96657255833202	0.44789221989887906	0.013435410784895751
4156.931267101194	3.236685354061014	6.370311655201804	217.25256057005967	101.72439684191758	147.9627590427892	0.3100975728789819	0.009247672440174326
4612.145836675153	3.591470420235076	7.02052296204624	240.30870644992308	112.87478463595954	164.18150492503204	0.3437369450154086	0.010261344057814504
3985.106175080072	3.102802420340187	6.119876552460878	208.47222688530476	97.51664749640588	141.84239635840856	0.2973685199052497	0.008865149772400535
6499.037928533051	5.0641089203691685	9.410144180827503	331.14469715620186	159.15770892588813	231.50212207401913	0.48129109234571227	0.014468882629626196
8064.241290049376	6.289560153573401	10.600057143999335	393.5493117336604	197.67189054087828	287.52274987764116	0.5917982181292523	0.017970171867352572
6172.086196493874	4.80863848230673	9.041459773174868	316.1079516726831	151.12863801535437	219.8234734768791	0.45773312359521945	0.013738967092304943
4196.3056771422325	3.267367619419971	6.427341357452532	219.25905446586	102.68869661034195	149.36537688777008	0.31301221561922454	0.009335336055485631
3866.5935741601033	3.010469187052875	5.9457487949468195	202.3945586199567	94.61474587880464	137.62144855098856	0.2885800543140684	0.008601340534436785
4827.608879930719	3.7594501386475763	7.320550548766517	251.10190291250785	118.1541472146381	171.86057776674633	0.35961090161583775	0.010741286110421647
5671.387852913829	4.417678968179922	8.435428997713402	292.43887582197044	138.84133899994038	201.95103854536782	0.4214045127117031	0.01262193990908549
4354.170017018132	3.3903921960541883	6.65455746525091	227.2815014858826	106.55518330456022	154.98935753390577	0.32468888998760215	0.009686834845869111
3434.1642043788097	2.67362156991127	5.3019981342684686	180.0882791268062	84.02810648292564	122.22270033880092	0.25645865861879075	0.007638918771175058
5211.038789193235	4.058477007842924	7.840035949304175	270.0854908165025	127.55213453220617	185.5303775013908	0.387770231713049	0.011595648593836926
4781.07690895736	3.7231696847422078	7.256219012374203	248.7781516275252	117.01390437761225	170.20204273107237	0.3561855976878589	0.010637627670692023
6946.663933227202	5.414128677108166	9.875349733546528	351.1186637289484	170.15832985197093	247.50302523923045	0.5133047523268431	0.015468939077451904
3751.5145898075943	2.920818059498192	5.7756577250913965	196.47735260687676	91.79713901280032	133.52311129134594	0.2800397594090024	0.00834519445570912
7019.19347388157	5.470873304044802	9.770675386487369	350.9795968626427	171.94173241283664	250.09706532776235	0.5184637912021225	0.01563106658298515
7356.916543230211	5.735216611543206	10.073735941555032	365.27919467877825	180.24966493421505	262.18133081340375	0.5423744005441063	0.016386333175837733
7434.059974004902	5.7956274520939	10.13851220298241	368.47663153846224	182.14829135152257	264.9429692385783	0.5478092206324279	0.016558935577411144
4104.233207128477	3.19562217717735	6.293770330344257	214.56379097952262	100.43383985414526	146.0855852423931	0.30619531150251983	0.00913034907764957
5160.046767965069	4.018702007359859	7.772101511425999	267.5787170417704	126.30206308845271	183.7120917650221	0.38403244899629146	0.011482005735313883
5083.0438754718525	3.9586425122594804	7.668820643521189	263.78250628830256	124.41447895672653	180.96651484614767	0.3783837653858035	0.01131040717788423
5211.360969394886	4.058728323993748	7.840463992615517	270.1013109036187	127.56003303980347	185.54186623971415	0.3877938406673181	0.011596366639982135
4457.53658709405	3.4709552420355436	6.802024489268193	232.51415477990656	109.08716474968851	158.67223963591056	0.33232632369066517	0.00991701497724441
7800.843013065117	6.083011500793293	10.422323307281218	383.3047004724278	191.1803614535035	278.0805257505505	0.5735035276956708	0.01738003285940941
4048.720782080202	3.1523677651914825	6.2128836757930355	211.72743495204486	99.0744154774466	144.10824069446778	0.30208301564844936	0.009006765043404237
5538.410269189796	4.313896014992116	8.26691789054854	286.0356586451423	135.57958904260934	197.20667497106814	0.4117101176475107	0.012325417185691759
4907.114426008512	3.8214438482742663	7.429851718261038	255.06275543575603	120.10252094576266	174.69457592110933	0.3654596259494099	0.010918410995069332
6478.296452020037	5.047897628549317	9.387446202567766	330.20148415822615	158.64821118297854	230.76103444796877	0.4798007853821842	0.014422564652998049
4405.536646832838	3.430426011752516	6.727973412082298	229.88387729583818	107.81338894079335	156.81947482297213	0.3284850515752435	0.00980121717643576
3624.5388198473306	2.821906320400292	5.586910641888585	189.93181577507923	88.68848435543775	129.00143178972763	0.2706096707156147	0.008062589486857978
4444.4600927636575	3.460763126812319	6.783428721775355	231.8531175205708	108.76684112838717	158.20631436856317	0.33136051646919573	0.009887894648035198
4285.61999301235	3.3369688120949936	6.556180876291826	223.8023512377749	104.87616266584267	152.54714569577118	0.3196202991969283	0.009534196605985697
3008.7856802957867	2.3423402117564796	4.658320375543476	157.98415032947398	73.61640665520363	107.07840968029618	0.2247926272466769	0.006692400605018512
6666.5251948175555	5.195038490158182	9.589825344057362	338.70530060575555	163.2726382621143	237.4874738358026	0.4933035038201113	0.014842967114737662
4034.7322175899653	3.141468374400299	6.192460299030909	211.01207053962577	98.73186319543797	143.60998282972795	0.3010465003334839	0.008975623926857997
3294.7379102147224	2.565030365584678	5.09201112132734	172.8585752512216	80.61524006123273	117.25853099815669	0.24608608589287903	0.0073286581873847935
4560.660588999522	3.551336654673612	6.948047810879322	237.7175231393112	111.6134377183135	162.3468184993651	0.3399389630373192	0.01014667615621032
4974.455155751542	3.873956342417934	7.521802700140092	258.40786942897137	121.75291361884935	177.0951470819627	0.37040958354641207	0.011068446692622668
4871.596249873517	3.7937482288420483	7.381120196510528	253.29480117568977	119.23208719217865	173.42849046135078	0.36284738046206066	0.010839280653834424
6917.608758685093	5.391399371563779	9.846644436117472	349.84525654388176	169.44398024914733	246.46397127148703	0.5112357633435838	0.01540399820446794
5223.529549731825	4.068220478472677	7.85661999635307	270.69865749005305	127.85835789485556	185.97579330160806	0.3886854712245685	0.011623487081350505
4240.620668075723	3.301900943581143	6.491359591500105	221.51472370468676	103.77402965540733	150.94404313513795	0.3162915219734085	0.009434002695946122
6999.961778336084	5.455826221472858	9.752498589017183	350.1510720705409	171.46882410343267	249.40919869590203	0.5170966382020074	0.015588074918493879
5207.717483818676	4.0558862346882405	7.835622445996846	269.92239050681104	127.47071023305898	185.4119421571767	0.38752684532880605	0.011588246384823545
3441.772543275585	2.679547491486428	5.313426047213177	180.48231797038963	84.21434973243059	122.49359961080812	0.2570244753533211	0.007655849975675508
2886.7045444740024	2.2472753264734657	4.472090064442822	151.61716248352656	70.6286531177375	102.73258635307272	0.21569455996973042	0.006420786647067045
7971.667062683309	6.21694956411813	10.540180357200997	389.9888360280915	195.38984344371266	284.2034086454002	0.5853839429292844	0.017762713040337514
7121.209357311157	5.55070218864863	9.865474165775117	355.3494557388856	174.45064021467124	253.74638576679453	0.525706136861462	0.01585914911042466
4193.894985825831	3.2654890759098274	6.423853712298199	219.13626902560137	102.62965667145174	149.2795006130207	0.31283379232815584	0.009329968788313794
3909.79778125867	3.044128740550101	6.009353566025109	204.61214521585836	95.67261756014604	139.16017099657606	0.2917847255997127	0.008697510687286003
5370.731496991647	4.183057478812985	8.050327495800964	277.89789559787255	131.46752076269382	191.22548474573642	0.399460794965116	0.011951592796608528
5435.815193347073	4.233838326307778	8.134923915429447	281.0647060535268	133.0634902553873	193.546894916927	0.4042185444247688	0.012096680932307938
4496.080945519722	3.500998282355915	6.856734505586016	234.461036885699	110.03137458832876	160.04563576484185	0.3351724986567362	0.010002852235302616
3364.0968143377977	2.6190491301180567	5.196602679677787	176.45709788412972	82.3129726608532	119.7279602339683	0.25124688644300375	0.0074829975146230195
5400.9600235972985	4.206642416778808	8.089700683202866	279.370008320306	132.20876167019108	192.30365333845978	0.40167106313901757	0.012018978333653736
5928.305413637252	4.618248928353941	8.752269265947838	304.6749108470355	145.1449663196953	211.11995101046588	0.44008115604389675	0.013194996938154117
6761.255086484302	5.269110575706005	9.688531721394323	342.9363052438472	165.60061809361733	240.87362631798882	0.5000800075757753	0.015054601644874302
7647.033235072888	5.962465201380687	10.30828624375948	377.1636790698207	187.39176347196445	272.5698377774028	0.5627586970704972	0.017035614861087678
4074.293190056248	3.172293163264725	6.250177339752187	213.03453456370636	99.70064227403422	145.01911603495887	0.30397759501738947	0.00906369475218493
7414.527245980099	5.780330365950582	10.122272620570163	367.66954543845475	181.6675257870183	264.24367387202665	0.5464341003882434	0.016515229617001664
3870.0862364280492	3.013190215719453	5.950895900722087	202.57391136101234	94.70026392261138	137.7458384328893	0.2888391560316618	0.00860911490205558
6442.137627165042	5.019637821723504	9.34764654595286	328.55360835963586	157.76004582559585	229.46915756450306	0.47720132578002783	0.014341822347781441
5949.375614428895	4.634701497077395	8.777718286208053	305.67011159974965	145.66204705100387	211.87206843782383	0.4416095929734559	0.013242004277363988
5552.057266142291	4.3245459803305115	8.28434716553269	286.69489760176504	135.91430223895892	197.6935305293948	0.41270584666862026	0.012355845658087176
6308.167889101816	4.914950552716585	9.197687769012845	322.4094532936549	154.4698745139498	224.68345383847242	0.4675550958574582	0.014042715864904527
3695.297685369056	2.8770252126426006	5.69222625087911	193.58147449868653	90.42079239733887	131.52115257794742	0.2758655726679264	0.008220072036121715
3928.6728961759045	3.058834283291726	6.037096479728272	205.58027293427165	96.1347917605971	139.8324243790503	0.29318450040841904	0.008739526523690646
7609.653748534217	5.933176694794631	10.279470985417007	375.65420424246327	186.4712675506884	271.2309346191831	0.5601408022795119	0.016951933413698946
4199.126201944203	3.2695655323039037	6.431421260007835	219.40270393479815	102.75777387240838	149.4658529053213	0.3132209678497012	0.009341615806582581
4355.793238870241	3.3916572659219977	6.656881448956347	227.36380018708525	106.59494264326277	155.04718929929132	0.3248088764117778	0.009690449331205707
2744.881950536786	2.136842894782153	4.255052488414464	144.20984670526585	67.15791955029624	97.68424661861272	0.20512047511946627	0.006105265413663295
3771.0319403293665	2.9360223903391547	5.8045721241341415	197.48194698715278	92.27498941065915	134.21816641550421	0.2814886205777728	0.008388635400969013
6249.255737211647	4.868923095111119	9.130527349338147	319.68875551396815	153.02329727492088	222.57934149079398	0.46330586369318716	0.013911208843174625
4686.743598957449	3.6496243746841115	7.125009118258317	244.05499057267897	114.70248034721493	166.83997141413082	0.349236632386506	0.010427498213383176
7946.466435898794	6.1971866390828145	10.523389224729673	389.01199012596635	194.76872294260275	283.2999606437858	0.5836348853190708	0.017706247540236614
5579.845650747689	4.346232353909713	8.319742322718211	288.0357892978268	136.59587398001955	198.68490760730117	0.41473279711194494	0.012417806725456323
5474.330650492003	4.263891663670031	8.184673769470793	282.9339251704796	134.00802371534382	194.92076176777283	0.40703218407697406	0.012182547610485803
5156.516704316453	4.015948563851142	7.767384888372798	267.4049668808456	126.21552629246446	183.5862200617665	0.3837736064825447	0.011474138753860406
6204.053790357072	4.833610496304777	9.078504967113753	317.5936099499351	151.91347274100727	220.9650512596469	0.4600425423625794	0.013810315703727934
6898.293184835458	5.376289941422827	9.827442590725868	348.9968678133859	168.9691124447174	245.7732544650435	0.5098596043556693	0.015360828404065219
6641.519483338636	5.175488114101104	9.563413090711332	337.58292098026664	162.658197871749	236.59374235890763	0.49151256378374675	0.014787108897431728
7488.560093495416	5.83831311899459	10.183237333339916	370.7194766326062	183.48984088268708	266.8943140111812	0.551642533308129	0.016680894625698828
7996.115337477504	6.236123773065481	10.556270250413052	390.9334221890412	195.99246143920087	285.0799439115649	0.5870795793592591	0.017817496494472805
5066.20526624796	3.9455097259972525	7.646126729885125	262.9506818194838	124.00173424562794	180.36615890273154	0.3771478676842955	0.011272884931420722
3886.2477448558334	3.0257812460349305	5.974701015984277	203.4036404979184	95.09598201824068	138.32142839016825	0.2900380143821441	0.008645089274385516
3469.1220153940603	2.700849422004924	5.354478183770607	181.89833242375252	84.88383897729761	123.46740214879652	0.2590582201618458	0.007716712634299783
5464.6560449188755	4.256342491317984	8.172199365369694	282.46474348421947	133.7707640128509	194.57565674596498	0.40632556831574884	0.01216097854662281
4496.602637889814	3.50140491779184	6.857473933901119	234.48737117315787	110.04415455917211	160.06422481334127	0.33521101457166064	0.010004014050833829
5297.702814818685	4.126082763167722	7.954630824160902	274.332523581394	129.67688684241412	188.62092631623872	0.39411750680878527	0.01178880789476492
7974.0187020687545	6.218793844178378	10.541736595111972	390.0798270546286	195.44780653132042	284.2877185910115	0.585547095057219	0.01776798241193822
7909.973436278023	6.168570357965066	10.498705559767409	387.5917147435517	193.8693541074735	281.99178779268874	0.5810998581300669	0.017624486737043046
5162.891326341428	4.020920766455825	7.775900930619708	267.7187067239253	126.37179551718309	183.8135207522663	0.38424101883925804	0.011488345047016645
2836.4545391902006	2.2081467467860696	4.395271054973963	148.993886500594	69.39889775613361	100.9438512816489	0.21194855690754763	0.006308990705103056
6217.726818472829	4.844291827372355	9.0942857069466	318.22805652683434	152.24917171741689	221.4533406798791	0.46102992727887154	0.013840833792492443
6837.814745351164	5.328985190135146	9.766712417428367	346.3310878878165	167.48239168996176	243.61075154903529	0.505547085467944	0.015225671971814705
6952.581399476037	5.418757969385868	9.881169482429137	351.3775999253659	170.30382189498442	247.71465002906825	0.5137259694205875	0.015482165626816766
7140.541457488485	5.565831863210698	9.883127236890632	356.1727255443901	174.92614427233622	254.43802803248906	0.5270766836137957	0.015902376752030566
7711.817391756696	6.013233076001518	10.357214439343663	379.7641350684274	188.98732524576198	274.89065490292654	0.5672897859900279	0.017180665931432908
3228.3222289420632	2.513305535449136	4.991625501554781	169.4091528352559	78.98960254268712	114.89396733481765	0.241142741078797	0.007180872958426103
6061.144521843586	4.721985042355421	8.91129625963743	310.92727345909867	148.40524418831322	215.8621733648192	0.4497087022470459	0.013491385835301201
5778.066568583616	4.50095127374824	8.568425688741504	297.5418406432914	141.45846860351608	205.75777251420524	0.4291682900865244	0.012859860782137827
8057.763993194629	6.28447908284227	10.595960756534614	393.30163191868996	197.51219974647137	287.2904723585038	0.5913499802401304	0.017955654522406488
5780.517143178575	4.502864322098343	8.57145727097028	297.65869872699614	141.51859298023362	205.84522615306707	0.42934649229418553	0.012865326634566694
7673.0388415739735	5.982843395440522	10.328082077858792	378.2099543294247	188.03222099955926	273.50141236299527	0.564578498654198	0.017093838272687206
3747.6547770655748	2.9178112251293875	5.769936357718253	196.27863181461404	91.70263850406647	133.38565600591488	0.2797532076885554	0.00833660350036968
6670.947822691353	5.198496361914138	9.59448136119721	338.9035717614072	163.3813142315872	237.64554797321776	0.4936201649700095	0.014852846748326109
5059.16310886335	3.940017475174714	7.636624360687686	262.6026232693642	123.82912064834814	180.11508457941548	0.37663092630210976	0.011257192786213469
6386.956330920194	4.976514705099488	9.286351837176161	326.0301858804033	156.40474787455537	227.49781509026235	0.4732309658557636	0.014218613443141397
5144.399928684597	4.006497588664826	7.7511819558845945	266.8083709427903	125.91849564375168	183.15417548182063	0.3828850596606984	0.011447135967613788
7765.912354461154	6.055630871031731	10.397073151524063	381.9200915314395	190.31982737528296	276.8288398185934	0.5710672508822352	0.017301802488662088
5811.704127836036	4.527211152536192	8.609944449010936	299.1444259736074	142.2837790797089	206.95822411594023	0.43161379147661194	0.012934889007246264
2809.3686960447512	2.187055875195806	4.353826419823909	147.57930193476471	68.73604179186819	99.97969715180828	0.2099291191508614	0.0062487310719880175
5390.291643857887	4.1983186138048	8.075821048571667	278.850713723169	131.94715643386513	191.92313663107655	0.40089110477932705	0.011995196039442286
4002.189213269522	3.116112453301761	6.144885044370545	209.34688104978002	97.93496281805534	142.4508550080805	0.29863475456071137	0.008903178438005031
7134.815171739258	5.5613502934073935	9.877908737536089	355.9290298194381	174.78529493566091	254.23315627005223	0.5266707825258345	0.015889572266878267
3191.359637661507	2.484519583338	4.93566311664554	167.4879688472084	78.08490119062284	113.57803809545142	0.23839097226198358	0.0070986273809657136
3264.3553335519096	2.541368080913582	5.046116154850845	171.28102612820553	79.871568257284	116.17682655604946	0.24382488205548125	0.007261051659753091
5213.401100948949	4.060319727655494	7.843174130389667	270.2014825617939	127.6100485834584	185.61461612139402	0.38794333676842885	0.011600913507587126
4341.627205860286	3.380616922992763	6.636591110166345	226.64543600415547	106.24796043691542	154.54248790824062	0.3237616873564657	0.009658905494265038
5094.684082840989	3.9677211061693916	7.684485856089219	264.3571796421623	124.69980619389517	181.38153628202934	0.37923797804297577	0.011336346017626835
2706.4373714684234	2.1069082956405403	4.196101910992706	142.20009162898236	66.21711786298842	96.31580780071042	0.2022532824023024	0.006019737987544401
6088.777538240314	4.743566915072614	8.943946474093869	312.22121556447064	149.08353161656785	216.84877326046234	0.4517087949015457	0.013553048328778896
7659.113624363622	5.97193132037725	10.317507772528247	377.65010454431626	187.68927006899926	273.0025746458171	0.5636042052276248	0.01706266091536357
6200.5494977277185	4.830872993332388	9.07445428664803	317.4309101478428	151.82743693330366	220.83990826662347	0.4597894455438617	0.013802494266663967
2917.4884913275537	2.2712464572562903	4.519104472086247	153.22350742182513	71.38203151376912	103.82840947457328	0.21798910144315997	0.00648927559216083
7293.1345177375415	5.685277379675936	10.018899975335463	362.61575173950035	178.68014621838657	259.8983944994714	0.5378731762361187	0.01624364965621696
3595.4765602034563	2.7992684113826125	5.543560674759804	188.43135462590786	87.97700721488211	127.9665559489194	0.26845034134772583	0.007997909746807464
3777.842580662616	2.9413280329903144	5.814655565932386	197.8324052687328	92.44173817969559	134.46071007955723	0.281994164491851	0.008403794379972327
4657.296063603427	3.626667541753152	7.083838336821705	242.57730685717948	113.98097988367049	165.79051619442978	0.3470660941335013	0.010361907262151863
6410.992132206643	4.995297682513501	9.313132706239424	327.130608253162	156.99507002185285	228.35646548633144	0.4749608681625452	0.014272279092895716
7319.139357683337	5.705637414445601	10.041395819767516	363.70381933553216	179.32003302543316	260.8291389460846	0.5397092259405454	0.01630182118413029
3304.23594684404	2.5724276105073054	5.106348853718088	173.35158970331486	80.84772490165818	117.59669076604825	0.24679290679453636	0.007349793172878016
3709.596221608716	2.8881635983142817	5.713467234596784	194.31834729396164	90.77085594702028	132.03033592293858	0.27692739217520673	0.008251895995183662
5904.524398471587	4.599680290443174	8.723445925570648	303.5501200809435	144.56138055678545	210.27109899168792	0.43835546644523865	0.013141943686980496
5956.269780530347	4.640084894298763	8.786026994203507	305.9954590999884	145.831239535104	212.11816659651487	0.4421095864652259	0.01325738541228218
7275.9408694167305	5.671816590068071	10.0039224258761	361.89474309454584	178.25709283071083	259.2830441173976	0.5366586050944148	0.016205190257337347
5676.526797818106	4.42169007654061	8.441881137733267	292.6853999459947	138.96740240556204	202.13440349899932	0.42177878783146755	0.012633400218687458
5563.986607302117	4.333855671640122	8.299557662256403	287.27077420903606	136.20689253726096	198.11911641783414	0.4135760965823272	0.012382444776114634
7417.234855198076	5.782450791479188	10.124530319318154	367.78152492868475	181.73416773220305	264.3406076104772	0.5466247580695089	0.016521287975654823
6099.442830180058	4.751896960785366	8.956507817637752	312.7200022402655	149.3453330532544	217.22957535018818	0.4524805090267508	0.013576848459386762
3280.5942774422942	2.5540151069328156	5.070652043517387	172.1242886012417	80.26904621788849	116.7549763169287	0.2450334939180401	0.007297186019808044
7777.411110662127	6.064643972131374	10.4054276799302	382.3765461227833	190.60309626698603	277.24086729743425	0.5718695001597185	0.01732755420608964
5724.484942876241	4.4591243697437175	8.501874258937848	294.98262555513645	140.143908763374	203.84568547399854	0.4252702891594926	0.012740355342124908
6325.007613866286	4.928108138943328	9.21675022865849	323.1850594273795	154.8833986525046	225.28494349455212	0.4687688977632073	0.014080308968409509
5578.684283764262	4.345325992926798	8.318265602770836	287.97978870782276	136.56738834912792	198.64347396236792	0.41464809990941937	0.012415217122647995
3575.7266788016404	2.7838845498355234	5.514070678773404	187.41120991238284	87.49351442340216	127.26329370676679	0.26698272410436175	0.007953955856672924
6403.4105675648925	4.989372916470248	9.304698913434848	326.7837155444589	156.80886308906494	228.0856190386399	0.47441529118141446	0.014255351189914995
8075.90327868429	6.298708550529576	10.607396850832133	393.99469329169114	197.95941158807238	287.9409623099235	0.5926050296102316	0.01799631014437022
6488.485649664845	5.055861305655305	9.398608604496857	330.665022217266	158.89849817773816	231.12508825852825	0.48053296798965034	0.014445318016158015
3668.800826433236	2.8563847361385464	5.652827825118344	192.21539898499694	89.77209170721147	130.57758793776216	0.27389766188973125	0.008161099246110134
7895.653252985857	6.157341837964161	10.488901071871352	387.0325523155164	193.5164577645879	281.4784840212188	0.5801043774535978	0.017592405251326174
5991.949639161237	4.667946913804613	8.828883142515188	307.6770146911025	146.70690300528784	213.3918589167823	0.4446963585022819	0.013336991182298894
4551.799691942634	3.5444296073264763	6.935545261470161	237.2711141364574	111.39635908740352	162.03106776349605	0.33928512721857407	0.010126941735218503
2960.9863731938467	2.3051182542288204	4.585474140315292	155.4923209347447	72.44657370433436	105.37683447903179	0.22123087449321757	0.006586052154939487
3817.185194962955	2.9719772690699835	5.872839033104305	199.85587008454405	93.40499988505663	135.86181801462783	0.28491409214061914	0.008491363625914239
7279.487819468602	5.6745934290333855	10.00701895883346	362.04358755658694	178.34436491247783	259.40998532724046	0.5369092048869872	0.01621312408295253
5106.963670258099	3.977298508699639	7.700991350156655	264.96310628267565	125.00081027341724	181.8193603976978	0.380138986936715	0.011363710024856113
7740.061879461971	6.0353694066599495	10.378139756297845	380.8915850671943	189.68303849502698	275.902601447312	0.5692627927249246	0.017243912590457
7518.406291824424	5.8616917038008625	10.207361320872543	371.94202233320465	184.22459640516996	267.9630493166108	0.5537395633422421	0.01674769058228818
5258.14106427803	4.095220123023773	7.902455462102387	272.39588915153524	128.70691815217572	187.21006276680106	0.3912208436237142	0.011700628922925066
7694.053459490691	5.999311597865768	10.343926930856677	379.053078336454	188.5497930757813	274.2542444738637	0.5660481292353625	0.01714089027961648
6683.642564220559	5.2084220287758365	9.607820244267312	339.4722913466559	163.69326376152628	238.09929274403822	0.4945289555319894	0.01488120579650239
4716.519506374333	3.672837882505226	7.166537603562438	245.5475812582093	115.43204773587854	167.90116034309602	0.35143074371153343	0.010493822521443503
3339.7005589587857	2.6000483978755042	5.159842748164812	175.19180594346173	81.715806790373	118.85935533145162	0.24943182185306	0.007428709708215727
3385.764341877853	2.635924817740425	5.2292240056181365	177.5804481172455	82.84335141469907	120.49942023956228	0.2528587574428107	0.007531213764972643
4145.371299223916	3.227677499049452	6.353542128298759	216.66306745144286	101.44129282726848	147.55097138511778	0.30924169518182154	0.009221935711569863
2776.5158760359363	2.161474702534225	4.303523482459966	145.86300212900395	67.93206207964708	98.81027211585031	0.2074794747989304	0.006175642007240644
5606.367159614354	4.366930832386491	8.353404219451352	289.3136971305606	137.2463975892897	199.6311237662396	0.4166666073164507	0.012476945235389975
3895.8627172092824	3.033272097340196	5.9888540181359105	203.89712615556064	95.33140877354903	138.66386730698042	0.29075119161270435	0.008666491706686276
7484.666061532617	5.835263041988557	10.180070534835153	370.5596715981233	183.39398131964035	266.7548819194769	0.551368817154562	0.016672180119967305
5832.619627617745	4.543539960147373	8.635657604699967	300.13930532179967	142.79697017606028	207.7046838924513	0.43313375323340114	0.012981542743278209
7912.404390902666	6.170476523250269	10.500363334064224	387.6865342665753	193.92926215929418	282.0789267771552	0.5812688083673099	0.0176299329235722
2911.1845915568024	2.266337656066417	4.509479834238897	152.8946072504744	71.22775490494452	103.60400713446475	0.2175192481017643	0.006475250445904047
6970.8620458426285	5.433059468883928	9.899091418233322	352.1766432580962	170.75329759349492	248.36843286326533	0.515026879723341	0.015523027053954083
4430.009667611367	3.449500276631056	6.76285875373741	231.12231037035528	108.41286583697604	157.6914412174197	0.33029310554055885	0.009855715076088732
5208.859736945108	4.056777244230804	7.837140503706302	269.97848623992354	127.49871339011098	185.45267402197962	0.38761055112790943	0.011590792126373727
5427.272472916421	4.227172712285935	8.123857656116716	280.6496217979126	132.85399952898652	193.24218113307128	0.40359428517015444	0.012077636320816956
3842.893624768045	2.992005432059178	5.91079833199137	201.17716269955264	94.03445643614559	136.77739117984814	0.28682172925001315	0.008548586948740508
3381.7549808012855	2.6328021253410627	5.223189686886201	177.3726132761782	82.74520965357625	120.35666858702001	0.25256050944779174	0.007522291786688751
6304.527310465859	4.9121060671713295	9.193558721976828	322.24165215777253	154.3804763968132	224.5534202135465	0.46729263602216264	0.014034588763346656
3380.7803926058396	2.6320430679027664	5.2217227424523625	177.322091096341	82.72135356265836	120.32196881841219	0.2524880109901895	0.007520123051150762
6962.38339971828	5.426426299514644	9.890789836918787	351.8062089827452	170.54482655617454	248.0652022635266	0.5144235761402981	0.015504075141470413
3910.231546461369	3.0444666835272303	6.009991428955301	204.63439834581482	95.68323862514151	139.17561981838767	0.2918168955130025	0.008698476238649229
5584.02013194374	4.349490239759269	8.325048475557105	288.2370522289195	136.69826467814846	198.8338395318523	0.41503722606794785	0.012427114970740769
5706.579494361519	4.445147753938426	8.479522199569072	294.1256668231787	139.70464369520766	203.20675446575663	0.4239670023059164	0.012700422154109789
4070.546586741258	3.1693738775889746	6.244716892323267	212.84308510402414	99.60889329565349	144.885662975496	0.3037000427317222	0.0090553539359685
4648.877666995779	3.6201048148069264	7.072050385913883	242.15458888555835	113.77472275107485	165.4905058197452	0.34644547252714797	0.010343156613734077
5462.086366080674	4.254337366865162	8.168883524875364	282.34008499869253	133.70774581576222	194.48399391383597	0.4061378682573807	0.012155249619614748
3583.9149749704034	2.790262674286956	5.526300202389341	187.8342078263302	87.69396976330434	127.55486511026083	0.26759121722345036	0.007972179069391303
3767.416401392479	2.933205813118041	5.799217830801689	197.29587983950245	92.1864684122813	134.0894085996819	0.28122023580383465	0.008380588037480118
3251.6221862949383	2.531451465584579	5.026867978416371	170.61966997174105	79.55990320408677	115.72349556958075	0.2428771334372719	0.007232718473098797
7117.7353845588905	5.547983459703065	9.8622913057035	355.20135010566713	174.3651944478106	253.62210101499727	0.5254597858339668	0.01585138131343733
4785.354506462736	3.7265048061219392	7.262143822173683	248.99193910387945	117.11872247811807	170.3545054227172	0.3565005473253187	0.010647156588919826
2811.292283366712	2.1885537041514653	4.35677059009097	147.67977630381282	68.7831164161889	100.0481693326384	0.2100725418601502	0.006253010583289901
6096.966812369063	4.749963072582183	8.95359363212403	312.6042368087258	149.28455370972577	217.14116903232838	0.4523013627383277	0.013571323064520524
5042.309830249087	3.9268736116001026	7.613856076381667	261.769228326123	123.41602779314609	179.51422224457613	0.3753936150886459	0.011219638890286009
5241.689191466451	4.0823862517065574	7.880690304607271	271.5894824677568	128.30356791077753	186.62337150658547	0.390015840383666	0.011663960719161592
5111.6136869335105	3.9809253019959057	7.707236195530979	265.1924735797975	125.11479520558561	181.98515666267	0.38048014622122756	0.011374072291416874
2894.2672283854504	2.2531642830691387	4.483643383764832	152.01184402191947	70.81373461074438	103.00179579744635	0.21625828214754111	0.006437612237340397
7153.622349583693	5.576069592935283	9.895015077842531	356.7289016768232	175.24790149225174	254.90603853418435	0.5280037072677811	0.015931627408386523
3367.2037168541947	2.6214689204646895	5.201281815156639	176.6181991876728	82.38902321460452	119.83857922124294	0.25147802265996305	0.007489911201327685
3135.695373386653	2.441169913463627	4.851263550509039	164.59284202671608	76.72248299457112	111.59633890119437	0.23424609345616398	0.006974771181324648
5428.728757351463	4.228308999518069	8.125744940662255	280.7203940986976	132.88971141342503	193.29412569225462	0.40370070811525066	0.012080882855765914
4613.306402290044	3.5923751266820765	7.02215330996693	240.36706400953256	112.90321826715098	164.22286293403778	0.34382253703978816	0.010263928933377362
7153.882135643008	5.576272916932161	9.895250703084972	356.7399400851309	175.2542916750108	254.91533334547026	0.5280221151011915	0.01593220833409189
6368.739345410929	4.962279437760731	9.265970454284705	325.1948650061336	155.95735375819444	226.84706001191918	0.4719193466457192	0.014177941250744949
5560.215670463626	4.330912805217368	8.294752067240806	287.08877539886026	136.11440244968873	197.98458538136543	0.4133010208314003	0.01237403658633534
5260.863154270374	4.097343611985547	7.906052850627839	272.5292561325143	128.7736563766886	187.3071365479107	0.3914201972418228	0.011706696034244419
5606.828545914309	4.367290924134251	8.353988784221137	289.3359123701384	137.25771475850502	199.64758510328	0.41670024283899076	0.012477974068955
7323.683741050292	5.709195486941339	10.045307492611244	363.89365859782123	179.4318581610135	260.9917936887469	0.5400299604007627	0.016311987105546683
7020.497770421707	5.471893822191541	9.771904660465767	351.03573365884364	171.9738058403056	250.14371758589905	0.5185564906639096	0.01563398234911869
4975.953617759642	3.8751248919567973	7.5238421120607475	258.4822012922	121.78963946149935	177.1485664894536	0.3705196884384521	0.01107178540559085
4524.763726070227	3.523355490946038	6.897345835251775	235.90824234086372	110.7340297154469	161.0676795861046	0.337289847054481	0.010066729974131538
7432.471458376473	5.794383376801064	10.137195629122434	368.41105844448276	182.10919184231918	264.8860972251915	0.5476974127169353	0.01655538107657447
3273.543653275803	2.54852400977197	5.060000693580334	171.75818637069136	80.09646887854763	116.50395473243292	0.24450874976349135	0.007281497170777057
7350.986781395405	5.730573487213955	10.068686361783763	365.0323273144509	180.10373816958142	261.9690737012093	0.5419562183319222	0.016373067106325585
4656.524036363227	3.626065690458396	7.082757631658189	242.53854577221654	113.96206455726387	165.7630029923838	0.3470091807705246	0.010360187687023988
3430.636845140021	2.670874216751632	5.296698835897023	179.90557849078775	83.94176109790844	122.09710705150319	0.2561963287300841	0.007631069190718949
3337.3153232142963	2.598190697685665	5.156247000674205	175.0680711557021	81.65742192726375	118.77443189420183	0.24925435067379872	0.007423401993387614
7065.317871324799	5.506964086614635	9.813876612806848	352.96060318385645	173.0760141507457	251.7469296738119	0.521740326870517	0.015734183104613244
5056.144292181	3.937663082765507	7.632548848076097	262.4533864129968	123.75512545834452	180.00745521213747	0.3764093123024565	0.011250465950758593
4114.653752565946	3.203741903195762	6.308924777355473	215.09576611861706	100.68903124329537	146.45677271752055	0.306967068022964	0.009153548294845035
6649.2486350525505	5.181530943855601	9.571592743003045	337.9300872857918	162.8481153783189	236.86998600482752	0.49206623036382824	0.014804374125301719
4659.102232284751	3.628075583171854	7.086366397733703	242.6679848731264	114.02523261397255	165.85488380214187	0.3471992421090847	0.010365930237633868
5256.466708249735	4.093913969740827	7.900242169820096	272.3138468218792	128.66586762042598	187.15035290243782	0.39109821800204175	0.011696897056402363
3165.224837787686	2.4641664495662927	4.896054888590535	166.12896386187603	77.44523127208348	112.64760912303053	0.23644504067138758	0.007040475570189408
4378.460596557176	3.4093234211451313	6.68930747272226	228.512634729839	107.15016466456126	155.85478496663455	0.32648424771286405	0.009740924060414661
4591.423114409301	3.5753164139283666	6.991386839119508	239.26630190587858	112.3670872948915	163.44303606529675	0.342208482199612	0.010215189754081047
3989.8667129611454	3.1065115169073585	6.126848044717086	208.7160037921435	97.63321910280268	142.0119550586221	0.2977213971341405	0.008875747191163881
7488.278415484317	5.838092488189245	10.183008409791887	370.70791931793707	183.482906771662	266.88422803150837	0.5516227347265948	0.016680264251969272
3314.796265388175	2.580652219389148	5.122284657273652	173.89965885785696	81.10621260937322	117.97267288636104	0.24757874373748592	0.007373292055397565
5687.742781314575	4.4304446089770915	8.455947440902904	293.2232056117137	139.24254485356576	202.53461069609563	0.4225955640668193	0.012658413168505977
6846.494558894718	5.335773961431155	9.775484615809608	346.7145496507444	167.69575307355058	243.92109537970993	0.5061663539104709	0.015245068461231871
8060.356432682939	6.2865126931070945	10.597601965997828	393.40078820950004	197.57611321193727	287.3834373991815	0.5915293908217926	0.017961464837448843
7970.836600108538	6.216298274239114	10.539630348892691	389.95669653484833	195.3693743332293	284.17363539378806	0.585326324443216	0.017760852212111756
7395.508950605152	5.765436846387491	10.106354994309608	366.882077890895	181.19944374360685	263.5628272634282	0.5450945580608548	0.01647267670396426
4341.561405197555	3.380565641346579	6.636496816689694	226.64209852359562	106.24634872803533	154.54014360441502	0.32375682291792807	0.00965875897527594
4888.164070177744	3.806667004578547	7.403871286050364	254.11978793812148	119.63810585818291	174.01906306644787	0.3640660117543618	0.010876191441652992
3503.7322217350966	2.727807028681853	5.406366290668865	183.68930081832315	85.7310780442868	124.699749882599	0.2616314737995468	0.007793734367662438
7023.473820450213	5.474222377911881	9.774707871238046	351.1637968826287	172.04698902008766	250.2501658474002	0.5187679955894858	0.015640635365462514
7277.851664841474	5.673312512213896	10.005591010310104	361.97493459268446	178.30410752672242	259.35142912977807	0.5367936096096967	0.01620946432061113
6644.37700789095	5.177722182280838	9.566438806533865	337.7112962994808	162.72841144311204	236.69587118998115	0.49171726831278323	0.014793491949373822
7910.043681211465	6.168625438396252	10.498753489801103	387.59445506838426	193.87108520673934	281.99430575525724	0.5811047402831547	0.017624644109703578
4177.191245930294	3.2524726992165665	6.399673390473546	218.2852634503516	102.22057054680637	148.6844662499002	0.31159740233394373	0.009292779140618762
7417.061300759167	5.782314874383751	10.124385667046516	367.7743481630656	181.72989605206075	264.3343942575429	0.5466125375285478	0.01652089964109643
5522.939471026575	4.301823018599393	8.247122515283976	285.2877476870239	135.20015201312376	196.65476656454368	0.4105810928264492	0.01229092291028398
4678.191021060665	3.6429568515401076	7.113061920961442	243.6259786053211	114.49292961983195	166.5351703561192	0.34860629693268336	0.01040844814725745
5402.986080959331	4.208223223195498	8.092334602864046	279.4685978928112	132.25844415757277	192.37591877465132	0.40181917465339473	0.012023494923415708
4346.593677714967	3.3844875435175847	6.643706932814347	226.89732196268554	106.36960851055268	154.71943056080391	0.324128835545222	0.009669964410050243
7588.55404043048	5.91664534039361	10.263018581270687	374.79925102546366	185.9517106980849	270.47521556085076	0.5586619437449932	0.01690470097255317
7591.834034606022	5.919215117055614	10.265584959489479	374.93229185765887	186.03247510746218	270.5926910653995	0.5588918886174485	0.01691204319158747
6308.127058864408	4.9149186508121305	9.197641476063984	322.4075715928728	154.46887188266695	224.68199546569738	0.46755215238231235	0.014042624716606087
6961.19193163367	5.425494178071019	9.889621767378724	351.7541304503498	170.51553131080348	248.02259099753235	0.5143387875079929	0.01550141193734577
8051.845335690229	6.279836312727562	10.592205341710237	393.0751225904011	197.36628411429479	287.0782314389743	0.5909403267920338	0.01794238946493589
3602.4370554114826	2.804690221600484	5.5539480280622815	188.79079551601603	88.14740696458665	128.21441013030784	0.2689675388479151	0.00801340063314424
5415.84464939394	4.218256062123829	8.109036135294742	280.0940754314503	132.57376195246323	192.83456283994647	0.40275908735050264	0.012052160177496656
6673.337620801866	5.2003648598339325	9.596995343259614	339.0106790897816	163.44003845192358	237.73096502097974	0.49379126339166185	0.014858185313811235
5142.22043686614	4.00479761934848	7.748265282633436	266.70102499807365	125.86506803666649	183.07646259878763	0.38272521979074475	0.011442278912424227
6973.281053858126	5.434951973518928	9.901456510343282	352.28227771965896	170.81277631059487	248.45494736086525	0.5151989853241613	0.015528434210054079
6199.2469254310445	4.8298554468106225	9.072947974449665	317.3704234252507	151.7954568997624	220.79339185419985	0.45969536362143903	0.013799586990887493
3120.1373364785463	2.4290539636739994	4.82764849087592	163.78326416946288	76.34169600118284	111.04246691081141	0.23308743735947374	0.006940154181925713
5861.495894326316	4.566084627780345	8.671026795969626	301.5108253982426	143.50551687309658	208.73529726995866	0.4352314391602941	0.013045956079372416
3401.9988815754723	2.6485691596143406	5.253648861884613	178.42186398811637	83.2407450164507	121.07744729665556	0.25406635129004956	0.007567340456040973
6740.5499440745325	5.252919415622544	9.667141867723968	342.01438978894	165.09175306242278	240.13345899988767	0.4985999790271191	0.015008341187492981
