4335.699922434558	3.3759975151487676	22.596146169238054	115.78787677448649	106.10277904753269	154.33131497822936	0.3233234911033426	0.009645707186139335
3982.623253282078	3.100867896701512	20.782961338990432	106.79809833583973	97.45584818204753	141.75396099206912	0.29718446749793503	0.00885962256200432
3365.6536028287906	2.620261624006818	17.592460701803297	90.72970585294317	82.35107961164285	119.78338852602597	0.2513627032543189	0.007486461782876623
4169.78744387998	3.2467033465292783	21.745452893654384	111.58515840235462	102.03924803377733	148.42072441276702	0.3110493317218622	0.009276295275797939
6516.141671820693	5.077477478856303	33.4446287786678	165.64453213102328	159.5778636211981	232.11325617628816	0.4825195813336123	0.014507078511018009
7734.005364652208	6.030622538803643	38.87268072400315	183.71655686334742	189.53385121954304	275.68560177388076	0.5688398435840379	0.01723035011086755
7092.339865892772	5.528109579639835	35.96319989474888	173.5934214317744	173.74058678868053	252.71358078353535	0.5236583132504886	0.01579459879897096
4475.139071362542	3.484675204462989	23.309111375126914	119.28769325734754	109.51836356883682	159.2994379183081	0.3336262383055731	0.009956214869894255
3055.5369603889867	2.3787467279652477	15.980656037123133	82.52092518971219	74.76061145033636	108.74270756412561	0.22827566535439825	0.006796419222757851
3109.1736989994483	2.4205159882056164	16.259741772663542	83.9457958740149	76.07335962931937	110.65215946082817	0.23227089644692345	0.006915759966301761
5012.994029164382	3.9040108383224386	26.03964879825503	132.46992149441664	122.6974834901338	178.46906689474005	0.3732407865767368	0.011154316680921254
5625.447808697302	4.381822638131903	29.103028118451487	146.7363716932522	137.71442576985982	200.31189202888697	0.4180574231931335	0.012519493251805437
3293.6489701803125	2.564182281269011	17.21863202642929	88.83041210649105	80.58858598274034	117.21976142944051	0.24600504763813533	0.007326235089340031
3224.715624733941	2.5104967411773855	16.860506967046877	87.0081944389345	78.90132615128927	114.76556531096622	0.24087425826639805	0.007172847831935388
5534.1210224299	4.3105487758986465	28.64979608420188	144.6668581566174	135.47439009967175	197.05365832679527	0.4113971217962334	0.012315853645424705
7348.480038537289	5.728610676022385	37.13833362434253	177.85670740482766	180.0420498178464	261.87934518959474	0.5417794181748681	0.016367459074349673
4440.694180725154	3.4578279118614192	23.13316835581285	118.42602425482531	108.67459151564461	158.07213311366488	0.3310823523559188	0.009879508319604055
4919.758967790052	3.8313038016742578	25.568754778881754	130.22432547821285	120.4124051954767	175.14531664796607	0.3663893521343362	0.01094658229049788
6216.806695446521	4.843573021934229	32.00272621435475	159.56844091576465	152.22658068936147	221.42048100270762	0.4609634888003308	0.013838780062669226
7645.584990485503	5.961330385247062	38.4787298201893	182.4345037033061	187.35609782205051	272.51796046843714	0.5626573161680357	0.01703237252927732
6548.588094901969	5.102839310277828	33.59977343908823	166.2845100227355	160.37494975158884	233.27265418412927	0.4848489661648212	0.014579540886508079
7328.786163307983	5.713190526983082	37.04860625241445	177.53904350659232	179.55741656232541	261.1744240906551	0.5403900383301267	0.016323401505665948
4562.311355914001	3.5526234297341905	23.753845444598674	121.45964756529254	111.6538792202174	162.4056425021344	0.34006076544386765	0.0101503526563834
7766.972028142104	6.05646146662431	39.01895932731423	184.18480643404018	190.34593180819263	276.86680990282565	0.5711411930526545	0.017304175618926602
4751.800085543709	3.700343770179177	24.717777873601715	126.13547292785167	116.29651849134557	169.15857235104806	0.3540296480444185	0.010572410771940505
5343.590561081465	4.161882336218593	27.70004504352841	140.28130735925217	130.80201628115577	190.25747822713566	0.39747555378721594	0.01189109238919598
6471.6154455986225	5.042675967322914	33.231348006280164	164.7602023270569	158.48410183014875	230.5223299347618	0.47932062045134033	0.014407645620922612
3013.5802510735934	2.346073845835892	15.762261258806777	81.40497931962383	73.73374944055662	107.24909009535509	0.22514985834081835	0.006703068130959692
5691.415270373206	4.433311167512764	29.42956193750689	148.21751089691057	139.3326366932583	202.6656533720121	0.4228629751855614	0.012666603335750756
7608.970891019678	5.932641670887108	38.314918014955225	181.89260045440318	186.45445251359482	271.2064763834107	0.5600929541486444	0.016950404773963167
7858.103505647972	6.12790095383023	39.42159463346273	185.45119074944716	192.5911728346644	280.13261503223913	0.5774921762764366	0.017508288439514946
2900.7417743365813	2.2582059344897565	15.174567418420317	78.39816524944264	70.9721865125352	103.23227129096031	0.21674088281497847	0.006452016955685019
5908.995915047616	4.603171676792027	30.501306246878322	153.01744263971392	144.67110984203515	210.43070522477842	0.43867999498071314	0.01315191907654865
7681.032203031946	5.989107325990229	38.636943044944495	182.95301588316806	188.22908738826433	273.78776347383905	0.5651376008826022	0.01711173521711494
3042.284624385945	2.3684266982751203	15.911682188262981	82.16857190570377	74.43626766007522	108.27093477829122	0.2272884107192111	0.006766933423643201
7154.768162110584	5.576966374752945	36.25121126770269	174.65840815690026	175.27608606366397	254.9470342744203	0.5280848960390675	0.01593418964215127
5337.303150346386	4.156977054323985	27.668610506336904	140.1350747824426	130.6478502787538	190.03323676909645	0.39701555887603696	0.011877077298068528
7819.327916944658	6.097502029399199	39.25058977224593	184.9174200068312	191.63577806683196	278.74294991539193	0.574791836262601	0.017421434369711997
5715.013862334628	4.451731397963217	29.546196958528128	148.74450398634727	139.9115582217011	203.5077210497471	0.42458095857172323	0.012719232565609192
2849.142279947151	2.218026348145386	14.905666166767201	77.02062920517345	69.70939951314071	101.39549020093195	0.21289445387644157	0.006337218137558246
5914.279344665518	4.607297041193273	30.527227119151195	153.13231356989942	144.8007641517886	210.6192933116925	0.43906342031575635	0.01316370583198078
6518.521977486949	5.0793379979424245	33.45601824647039	165.69160934393344	159.63633707819048	232.198308477368	0.48269051680637304	0.0145123942798355
4656.303805356416	3.6258940044797487	24.23247946266462	123.78700347998645	113.95666871222069	165.7551544905028	0.34699294540196113	0.010359697155656426
4011.2420364839263	3.123165911751429	20.930316667509604	107.53305272594588	98.1566429407592	142.77329882292247	0.2993057100056268	0.008923331176432655
5535.228248324551	4.311412830091284	28.655298962056925	144.69207805623222	135.5015460885832	197.09315794703014	0.41147792028745467	0.012318322371689384
3761.057761947443	2.928252321234972	19.640070273821866	101.07443802471268	92.0307872388134	133.86296325645586	0.28074821376482	0.008366435203528491
3612.9630006723073	2.8128893456622492	18.874269006183344	97.21799202221351	88.40509372081354	128.58922723027425	0.2697496279917747	0.00803682670189214
8021.902875373091	6.256349725595911	40.13875651283152	187.62158099253858	196.62813423301432	286.0045588843845	0.5888668097222229	0.01787528493027403
7647.9767418413485	5.963204517069113	38.48941677101175	182.46967962493858	187.41499910788642	272.6036350660166	0.5628247429296409	0.017037727191626037
3854.963546042149	3.0014086256568495	20.12489467800389	103.50735154043517	94.3299853777867	137.20725145859882	0.2877172433183229	0.008575453216162427
2930.4868087522873	2.2813681888104753	15.329534514067477	79.19154641918439	71.70014307690064	104.29111720276455	0.2189578818353456	0.006518194825172786
6023.147788955625	4.692310527976207	31.060204442038323	155.48084492207337	147.47261659353794	214.5056241360552	0.4469569916514926	0.013406601508503448
4400.003747958709	3.4261137287187977	22.925172250393064	117.40566419818306	107.67786004544794	156.62234188428792	0.3280762314563336	0.009788896367767995
6531.354595441446	5.089368505755604	33.5173992672769	165.9450625031813	159.95158160946184	232.65684597739903	0.4836119239356533	0.014541052873587439
4044.15628266296	3.1488112577188074	21.09970901701552	108.37702000569243	98.96263952830539	143.94565749571692	0.30174480974708956	0.008996603593482307
6421.8785859859445	5.003805264697074	32.99260076388083	163.7641615868652	157.26245117619376	228.7453835290091	0.47574413463093623	0.01429658647056307
7633.264221274449	5.9516762395124845	38.423650703007205	182.25286586788087	187.0526818132495	272.0766280919993	0.5617946741084625	0.017004789255749955
7724.975190210182	6.023545166532992	38.83255490918389	183.5873647822977	189.31141951960834	275.36206475579394	0.5682091046320397	0.01721012904723712
5522.549017523683	4.301518322478833	28.59227199347725	144.40308825588286	135.19057584933472	196.64083759903232	0.4105525953011776	0.012290052349939521
7932.891674327529	6.186541550760006	39.75009409948127	186.4592386230897	194.4341630238859	282.8133280347431	0.5826922049887072	0.017675833002171445
3659.2749707001217	2.8489643816940546	19.113901425045114	98.42644929577422	89.53888056752743	130.23837173458537	0.27319010659297166	0.008139898233411585
5493.796769487426	4.279081532245852	28.44925431006161	143.74623815023187	134.48541958486965	195.61515575981042	0.40845367661497856	0.012225947234988151
7957.238184720568	6.205633932721129	39.85665312158059	186.78123511945665	195.03420931409264	283.6861226386802	0.5843826557265757	0.017730382664917513
3734.3811765419778	2.9074710070241396	19.502231314400667	100.38149704569186	91.37766022075867	132.91296032110353	0.27876772727029975	0.00830706002006897
3902.520528501413	3.0384591063874904	20.370185748681582	104.73555818116081	95.49442905789256	138.900987720571	0.2912449991328627	0.008681311732535687
6431.408135257277	5.01125258846274	33.0383857002694	163.95566865148507	157.49650992311467	229.0858326154395	0.4764296438667182	0.01431786453846497
2772.3792838536924	2.1582537238809874	14.505460240190336	74.96853838090702	67.83083132197387	98.66302737741655	0.20717101487600975	0.006166439211088535
6640.52609430195	5.174711466193911	34.03810592066345	168.077251106147	162.63378893752292	236.5582384545788	0.49144139764031736	0.014784889903411175
5703.085052647524	4.442420109267942	29.48725104365274	148.47830504973658	139.61891771984958	203.08206213796302	0.42371261204297817	0.01269262888362269
7704.532656470439	6.00752399964487	38.741627205859615	183.2934292828101	188.8078971316959	274.62966855519403	0.5667806714998217	0.017164354284699628
6314.7060620136535	4.920059055679292	32.47636685128779	161.58900251573857	154.6304274642063	224.9169854024819	0.4680264087441929	0.014057311587655118
6986.300229657633	5.445137660585708	35.66898712989731	174.533473679396	171.13289790412225	248.92057876963233	0.5161251064315372	0.015557536173102023
5820.408381466001	4.5340065320753755	30.065944985419343	151.07932589804068	142.49734815094038	207.26887003773146	0.43224640172200307	0.012954304377358216
6133.085800253535	4.778174522078984	31.596157619406842	157.81581632993684	150.1711992653395	218.4308352950393	0.454913928427606	0.013651927205939956
3693.9545789690283	2.8759789540682097	19.29325501011122	99.32991942105589	90.38790998500087	131.4733236145467	0.2757658280364011	0.00821708272590917
5084.250190113363	3.959583352365849	26.39878441356508	134.17395812762913	124.44404821721237	181.00952467958163	0.37847229569228136	0.011313095292473853
4403.08830525548	3.4285177975807004	22.94094515819141	117.48310505020793	107.75341649539345	156.73224217511773	0.32830414854898743	0.00979576513594486
3575.6296475497506	2.7838089692826484	18.680997809631517	96.24224496068727	87.49113903459752	127.2598385957782	0.2669755133014587	0.007953739912236139
4233.7382463451795	3.296537601404861	22.073643989812652	113.20983741471959	103.60546747272419	150.6988617785079	0.31578229757728177	0.009418678861156745
7752.486170988189	6.04510733051928	38.954723775975005	183.97971110894312	189.98908753060596	276.34776368088137	0.5701302113901008	0.017271735230055086
7175.825261564582	5.593447339358139	36.34812865376109	175.01391909906593	175.7940592369701	255.70044979922923	0.5295765555733397	0.015981278112451827
2819.915293380591	2.1952681469688087	14.753313846542047	76.23969119565405	68.99414176187685	100.35511529000267	0.21071546259765891	0.006272194705625168
6987.237038548419	5.445870593716972	35.67336618182311	174.5503255482372	171.15593294539056	248.95408428420444	0.5161917362806885	0.015559630267762777
5475.731541842531	4.264984798611416	28.359329368093924	143.33246505182964	134.04237938493023	194.97073365080757	0.4071344950776287	0.012185670853175474
7960.590395431728	6.2082628141806495	39.871310214143904	186.8253310682657	195.11683130282043	283.80630007682976	0.5846153180389927	0.017737893754801858
7167.316074388355	5.5867872770204325	36.30897827832635	174.87048370454684	175.58474299207074	255.39598980664832	0.5289738623864192	0.015962249362915522
5252.318521771231	4.0906780105955205	27.24315799219838	138.14936679665865	128.56416604728778	187.0024233415095	0.39079440437294566	0.011687651458844345
5699.79453540003	4.439851654006362	29.470986817506816	148.4048067088078	139.53819484019996	202.96464704029086	0.42347305534882423	0.012685290440018178
3921.9043587898755	3.0535609152128784	20.47011656809066	105.23538842923583	95.96905733526188	139.5913561240173	0.292682567242634	0.008724459757751081
5117.356755295842	3.9854046514491537	26.56541586695707	134.9619821702422	125.25557475983054	182.18992692338986	0.38090147432355176	0.011386870432711867
2874.4617484447763	2.237742065423702	15.037625721440786	77.69676827685383	70.32903634188779	102.29678013365495	0.2147819512717649	0.0063935487583534345
7004.981987587925	5.459754026055831	35.558497535255654	172.07595414439612	171.59226939032612	249.58875547683803	0.5174535735372435	0.015599297217302376
5649.160811841764	4.400330406007708	29.220488504385926	147.27013285300674	138.29609847452795	201.1579614174952	0.4197853740858966	0.01257237258859345
4324.675542840585	3.367405764494544	22.53969793290223	115.50988139264498	105.83275259839992	153.93854923403626	0.3225084163453947	0.009621159327127267
7145.201072654281	5.569478665739488	36.20713944536521	174.4962640602453	175.04075806609816	254.6047390052337	0.527406935661827	0.015912796187827108
7885.572424674806	6.149437673568069	39.54245290660028	185.82473714126823	193.26804116928216	281.1171507916832	0.5794033594736175	0.017569821924480197
7409.923517934611	5.776725053587465	37.417588803956015	178.83665565143036	181.55421596989177	264.0788595925698	0.5461098972242926	0.016504928724535614
6207.985579787067	4.836681973308169	31.959954243017158	159.38483937686902	152.0100048753996	221.10546163694485	0.46032649680134397	0.013819091352309054
6502.1640126710545	5.066552285388443	33.37772234185572	165.36767858571787	159.23450039792252	231.61381876061452	0.48151565550228587	0.014475863672538409
4384.28546049892	3.413863174402174	22.844782364717428	117.0108089296801	107.29284262406833	156.0623165440994	0.3269147188432196	0.009753894784006211
7797.485626772176	6.08037968253583	39.15405831508071	184.61343646594847	191.0976471654118	277.96021405878076	0.573269464008252	0.0173725133786738
5793.2331168849205	4.512791198200898	29.932114995512485	150.48028274224072	141.83058051488538	206.29902620346968	0.4302710742534543	0.012893689137716853
3134.2006023928684	2.440005844725869	16.38992098619353	84.60995255618468	76.68589797709873	111.54312433032544	0.23413477636050137	0.00697144527064534
4947.823562815993	3.8531884832566505	25.71061314183242	130.90213587498178	121.10020947378047	176.14575923458975	0.3684524299189987	0.01100910995216186
3312.35760644149	2.5787529343490814	17.315787566825755	89.32430956826882	81.04652079382828	117.88584842738658	0.24739727646481097	0.007367865526711662
6644.471321237567	5.177795918499849	34.056872854870946	168.15348890896283	162.73072886713814	236.69924198856455	0.49172402444151503	0.014793702624285284
5071.055893158087	3.9492928057924805	26.332334486037198	133.85924043211068	124.12063103919223	180.53909969337053	0.3775039119350149	0.011283693730835659
6242.122243512402	4.863350093224296	32.125390032342096	160.09395156907505	152.84814578704933	222.32457569025357	0.46279103730900034	0.013895285980640848
3338.369598948001	2.5990118020984307	17.45084069455715	90.01053330581257	81.68322806595069	118.81196809592826	0.24933279329571284	0.007425748005995517
5958.174060215568	4.641571885716102	30.742381276286608	154.08347824373445	145.8779735510775	212.18614334702184	0.4422476830569937	0.013261633959188864
3470.105232516534	2.7016152349193407	18.13425908658459	93.47694759049924	84.90790738317928	123.50241073916987	0.2591313282727429	0.007718900671198117
4161.077815314347	3.2399164817162234	21.70072818557013	111.36344249187164	101.82594656822417	148.1104677355988	0.31040455714003423	0.009256904233474925
4186.243281302381	3.2595264697471835	21.829937224245107	112.00377524105178	102.44226047776863	149.0069243312998	0.3122674423212426	0.00931293277070624
5390.511949597295	4.1984905020415715	27.934448579928514	141.3696111005151	131.95255863559225	191.93099437904326	0.4009072122828375	0.011995687148690204
5778.711956520821	4.501455097078144	29.86054998842705	150.1593290502666	141.47430305102736	205.780804437858	0.4292152223891003	0.012861300277366126
7120.287624208929	5.549980838838329	36.092261096220234	174.0722158567598	174.4279692206332	253.7134097754665	0.5256407755864535	0.015857088110966654
8003.176339222634	6.241661789804947	40.05719900843727	187.38045748316196	196.1665133938698	285.3331103910833	0.587569081136333	0.01783331939944271
6879.120228453588	5.361292679079775	35.166540418243265	172.58211702445195	168.4977699139358	245.08766532936116	0.5084930434878201	0.015317979083085072
5512.1253863811	4.293384149417063	28.54043837481101	144.16520135338337	134.93493041025056	196.26898968763717	0.4097917631845996	0.012266811855477323
8046.325441716494	6.275506413149113	40.244950997547434	187.93328930855938	197.230201556115	286.8802931725309	0.5905582095785266	0.01793001832328318
5641.337944416064	4.394224664675764	29.181748799756026	147.0942118639046	138.10420374695258	200.8788418137492	0.4192153913382978	0.012554927613359326
7499.9035132075805	5.847198240435882	37.82463291949597	180.24083866093522	183.76908755655634	267.3004909913547	0.5524397224505008	0.016706280686959667
3716.273429814011	2.8933650954402768	19.408640702050825	99.91069510132509	90.93433157098012	132.26811864869836	0.2774232156810518	0.008266757415543648
4523.9631824264825	3.5227314876247346	23.55829773106834	120.50574161355316	110.71441818249168	161.0391537199879	0.33723075872152264	0.010064947107499243
5492.8587841121425	4.278349591074308	28.444586462869992	143.72477440906468	134.4624157194783	195.58169559196838	0.40838518977284893	0.012223855974498024
4357.657227772472	3.3931099815182337	22.708540317879994	116.34100850353366	106.6405994191445	155.11359915511926	0.3249466580197062	0.009694599947194954
3008.490071429194	2.342110015083481	15.73576081220379	81.26951411044413	73.60917190262369	107.06788640381627	0.22477060198125262	0.006691742900238517
2810.5954109703002	2.1880110743173766	14.704725729368825	75.99056639699539	68.76606233568899	100.0233633973658	0.21002058314403763	0.006251460212335362
3116.0498086735415	2.4258707808457536	16.29551106302714	84.12831638472315	76.24165311229511	110.89694998152018	0.23278301403091528	0.00693105937384501
4987.628114398034	3.8842291123152677	25.911644307600834	131.86074153582737	122.075772101337	177.56475942012653	0.3713774519047993	0.011097797463757908
5138.867813467476	4.00218263450444	26.6736061866779	135.47272422466597	125.78288279871093	182.95692043448864	0.38247933663154027	0.01143480752715554
5583.476588320562	4.349066041514163	28.894902155048367	145.7879844316814	136.68493273330225	198.814447612076	0.4149975885124082	0.01242590297575475
7063.410353921901	5.505471446537325	35.82939342833061	173.09438045146544	173.0291026054588	251.67869469884917	0.521604889649912	0.015729918418678074
4799.574673353394	3.7375919728488975	24.960171735171304	127.30403380322996	117.4671762895368	170.86134733023533	0.3575474471039893	0.010678834208139708
5010.2339138488915	3.9018583220994794	26.025724373649954	132.40370025481593	122.62983298026934	178.37066615311906	0.3730380589393465	0.011148166634569941
3136.121906767292	2.4415020809858525	16.39991365366277	84.66092109351926	76.73292254526966	111.6115237022104	0.2342778576991251	0.00697572023138815
7103.344033142205	5.536721020602224	36.0140405904901	173.78233198655732	174.0112320760699	253.1072466561017	0.5244390393730278	0.015819202916006355
5678.0728119763135	4.422896795141833	29.3635760703664	147.9188829509917	139.00532784731476	202.18956777791237	0.4218913803498497	0.012636847986119524
7200.037646071978	5.612398850680507	36.459424406048896	175.42036637801638	176.3896781642445	256.56680460253745	0.5312908322598231	0.01603542528765859
6233.523279393129	4.856632292927884	32.083739107379024	159.91568484209225	152.63701492059062	222.0174762481318	0.4621703620650121	0.01387609226550824
5280.145436693195	4.112385832662622	27.382580465348088	138.80141425539247	129.2464118836824	187.9947809217199	0.3928321527053357	0.011749673807607493
4312.353202651886	3.357802554154474	22.47659031347575	115.19893813841017	105.53093741628345	153.4995453327759	0.3215972911851047	0.009593721583298496
6848.215292453713	5.33711981896268	35.02113799320234	172.01096446758373	167.7380514531128	243.9826202954368	0.5062891076122261	0.0152489137684648
7243.888753144172	5.646724636752215	36.66059682749083	176.1500763246081	177.46848858364106	258.135983394387	0.534393095002646	0.016133498962149186
3760.521700655749	2.9278347209720006	19.637300898097532	101.06052120328526	92.01766265912	133.84387295872003	0.2807084193920847	0.008365242059920001
3800.3633398393513	2.9588723765882805	19.843075297877714	102.0939871662172	92.99313183563167	135.26273721546426	0.28366569630836175	0.008453921075966516
7839.050990300603	6.112963951021205	39.33762902456881	185.18986328374854	192.12172417495213	279.4497806181122	0.5761657169320689	0.017465611288632013
3212.482681013602	2.500969857349329	16.79693014462752	86.6844353876019	78.60190980240748	114.3300506216836	0.23996358198652526	0.007145628163855225
4176.358701722592	3.2518239442317896	21.77919256184417	111.7523689233147	102.20018110442766	148.65480887916752	0.311535774321471	0.00929092555494797
6119.9466402732605	4.767911723634684	31.532225814790372	157.53873503404864	149.8486541713758	217.96167879472844	0.4539637275229938	0.013622604924670528
3344.8093287603037	2.604027283405432	17.484270149562562	90.18033318405351	81.84085747845643	119.04124724139118	0.24981192823853868	0.007440077952586948
6107.652660614732	4.758309287779715	31.47237611250277	157.2789855524817	149.54686333021962	217.5227102985013	0.45307445845272953	0.01359516939365633
5351.992139432371	4.16843710134931	27.742040491888734	140.47656399160093	131.00802318526405	190.55712463311136	0.39809016633508804	0.01190982028956946
3990.4974414926965	3.1070029398448584	20.823511146521223	107.00041775347154	97.64866382369554	142.0344201071935	0.2977681493282876	0.008877151256699595
7062.252075753421	5.504565092238553	35.824031634457384	173.07432765958083	173.00061718464025	251.63726135947675	0.5215226469539435	0.015727328834967295
7404.574152879068	5.77253586124223	37.39331807635966	178.75201465983406	181.42255563904152	263.88735365678764	0.5457331385882053	0.01649295960354923
5692.880689404799	4.434455003509368	29.436807433149703	148.25028015260492	139.36858582458012	202.71794301757103	0.4229696752305125	0.012669871438598192
7101.276766447994	5.535103240639532	36.0044919273279	173.74688139485247	173.9603875629567	253.0332910006643	0.5242923853315863	0.01581458068754152
7711.764853585971	6.013191901243369	38.773810144537535	183.39765103352883	188.98603118193444	274.88877262826827	0.5672861145652744	0.017180548289266767
3696.461897948166	2.877932116456663	19.306219167130287	99.39519074887137	90.44929508863797	131.56261103801884	0.2759520312686617	0.008222663189876179
3746.2342796488015	2.916704644652616	19.563482686333572	100.68948514397917	91.66786026051078	133.33506946983385	0.27964774856104063	0.008333441841864617
3701.82131799883	2.882107031051591	19.3339288075869	99.53468646910507	90.58050669019286	131.75346427664417	0.2763500333855617	0.00823459151729026
5904.242415675942	4.599460117444407	30.477980935671162	152.91402339940822	144.55446083396706	210.26103394031574	0.4383350002647696	0.013141314621269733
5956.971029373532	4.640632476683396	30.736489202594857	154.05748562519616	145.84844926719245	212.14319893409808	0.4421604408660311	0.013258949933381132
2712.3516131724687	2.1115133545150755	14.19237081355183	73.36164694177883	66.36184828475952	96.52632477783203	0.20269438771092066	0.006032895298614502
3790.452099559018	2.9511511935296175	19.791895879454465	101.83706242522791	92.75046608235941	134.90976884706822	0.2829300947165624	0.008431860552941765
4621.954981284266	3.599117065214462	24.057676523915593	122.93827771501432	113.11510776388309	164.5310658383754	0.34446034264119496	0.010283191614898463
7049.317612868391	5.494444013123477	35.764133390015715	172.85002236097014	172.68252612673786	251.1745834570732	0.5206040997977394	0.015698411466067076
7180.851394296153	5.597381307215631	36.37124471582375	175.09849743395796	175.917698226777	255.88028832985742	0.5299324933537677	0.01599251802061609
6164.188750414134	4.802469472221768	31.74736235020455	158.46954528792557	150.93475484125557	219.54146158728082	0.45716239733176955	0.013721341349205052
4480.979923172	3.489227806900174	23.33893440741449	119.43361591515554	109.66144535971975	159.5075568868651	0.3340575311732715	0.009969222305429069
5836.412143921026	4.546500847467567	30.144698179352517	151.43112702345007	142.89002663469498	207.84003874137454	0.43340930946238354	0.012990002421335908
4370.012378874837	3.4027391320896556	22.7717632675932	116.65192391325039	106.94322986567491	155.55378889552713	0.32585986709448583	0.009722111805970445
7395.035775252534	5.765066304117908	37.35002148900184	178.60077188977	181.18779812941995	263.54588818824715	0.545061222229035	0.01647161801176545
3267.7879098336	2.544041392190754	17.084304740295813	88.14722885936698	79.95558661170942	116.29903507157732	0.24408036495374363	0.0072686896919735835
7128.63819928514	5.556516066444244	36.13078438718444	174.2146409100331	174.63336208824765	254.01216303745116	0.5262328753524065	0.015875760189840698
7027.576438579934	5.4774324208459495	35.6633563574281	172.4714426521122	172.14787608372984	250.39691066724342	0.5190595416907646	0.015649806916702712
7714.832685857557	6.015596205380907	38.78745710603385	183.44178404815855	189.06159502625707	274.99868367455576	0.5675004893840669	0.017187417729659735
6249.5937644148935	4.869187178687797	32.161567833520785	160.24864880469178	153.0315970444736	222.5914138828707	0.4633302576207362	0.01391196336767942
5530.320256880733	4.307582753978103	28.630904924016583	144.58026209339562	135.38117226788324	196.91806875328473	0.41111975613891494	0.012307379297080295
7177.604246095948	5.594839750315124	36.356311274181834	175.04386765535986	175.83782072418964	255.76410287154854	0.5297025434196372	0.015985256429471784
7105.327437382008	5.538273179332443	36.02320085846661	173.8163276749166	174.06001420759108	253.1782024837688	0.5245797376561366	0.01582363765523555
7674.694530143556	5.984140851399684	38.60868324775932	182.8607545178465	188.0729981868472	273.56072463541415	0.56469431688029	0.017097545289713384
7007.734598999248	5.46190768340115	35.57127903419043	172.12424666259753	171.65995576403617	249.68720838405258	0.5176492665768175	0.015605450524003287
3353.4788016387542	2.6107793896719254	17.52927110322956	90.40887086675622	82.05306653254623	119.34991495643088	0.25045693954459225	0.00745936968477693
3828.551449572551	2.9808321130694746	19.988594813257205	102.82408472614125	93.6832949821835	136.26661088317599	0.28575753821913497	0.0085166631801985
4329.151354195832	3.370893938023678	22.562616844119148	115.62276759911026	105.94238090931557	154.09800859536813	0.32283933918924734	0.009631125537210508
3769.4634460828693	2.9348005011284553	19.683492780623872	101.29261846710429	92.23658717832286	134.16230862301506	0.28137219054013074	0.008385144288938443
6887.243687683692	5.367646849817489	35.20472133680132	172.73162153217592	168.69747242283538	245.37814170594237	0.5090721148762306	0.015336133856621397
6012.79315786923	4.684224134978676	31.00960679042259	155.25900555876666	147.21847281361553	214.13596045616802	0.44620681671136253	0.013383497528510502
3392.1515083406625	2.6408994777657333	17.729963090388477	91.42755038126012	82.99969787263733	120.72683326929065	0.2533338733864082	0.0075454270793306666
3725.985856472381	2.9009310438652487	19.458842480060543	100.16326259083044	91.17211852147925	132.6139905766971	0.2781443875584492	0.008288374411043568
3721.356088017598	2.8973244638392472	19.434912824468803	100.04288014417784	91.05876886351919	132.44911834693698	0.27780062092255353	0.008278069896683563
4549.75290524151	3.5428341502855245	23.689823372959477	121.1475314617182	111.34621615183076	161.9581325844811	0.3391340895566775	0.01012238328653007
4437.313790219573	3.455193187208711	23.115895107068845	118.34135759846167	108.59178588370234	157.9516885581125	0.3308326565457373	0.009871980534882032
7824.510208575729	6.101564613813235	39.273471215571924	184.98919374993147	191.76345929127308	278.9286680600336	0.5751528995376991	0.0174330417537521
3937.013805828868	3.0653327205309795	20.54799185931815	105.62468277885027	96.33902835954507	140.1294957957019	0.29380300441910895	0.00875809348723137
5308.155518287508	4.134237311753638	27.522808445932185	139.4559339074438	129.93317265511433	188.9937056801663	0.394882602380798	0.011812106605010394
2980.0668198782355	2.3199763706516014	15.587765102926147	80.51277733690225	72.91354307762175	106.05606265835891	0.2226527245660458	0.006628503916147432
4252.763517416367	3.3113637110266936	22.1712106493795	113.6920448379108	104.07143091798179	151.3766267897917	0.31718989354135135	0.00946103917436198
4741.862118544517	3.6925957082755705	24.667322540389804	125.89185459777826	116.05300797437508	168.80437523545467	0.35329767089922937	0.010550273452215916
3717.0957045072696	2.8940056429757455	19.41289113366375	99.93208194270264	90.95446306495201	132.29740082174837	0.277484273241856	0.008268587551359273
2757.4927800627192	2.1466623075451747	14.427826554356542	74.5702125520298	67.46652966570548	98.13313405920798	0.20606091572823004	0.006133320878700499
3340.350086496091	2.600554271697433	17.461121884064482	90.06275760425454	81.73170568191932	118.88248099188266	0.24948014898046847	0.007430155061992666
3553.124366367484	2.7662790419116288	18.56444928337243	95.6533810043282	86.94019846007977	126.45847048738877	0.26530294766180923	0.007903654405461797
3901.1895274363997	3.0374221399249555	20.36332292111055	104.70122042040971	95.46183868335574	138.85358353942652	0.2911462809841669	0.008678348971214158
7524.19725101807	5.8662279714755075	37.934136658574204	180.61356865953806	184.36716481780167	268.1704215531661	0.5541462591743551	0.01676065134707288
5096.68103394442	3.969278608742896	26.46136828472133	134.47012316893566	124.74875627477672	181.45273639967522	0.37938451209739826	0.011340796024979703
2986.8276272640965	2.325241098434497	15.622970511923484	80.69282305658393	73.07900595079848	106.29673592843416	0.223156507156381	0.0066435459955271345
7244.272004493448	5.647024653577476	36.66235278054655	176.15641725517483	177.47791768386352	258.14969844925605	0.5344201941619162	0.016134356153078504
5524.968094496236	4.303406087328407	28.604298899700087	144.45825652033935	135.24990560174993	196.72713542072717	0.4107291509036606	0.012295445963795448
4542.990229794566	3.5375627100055906	23.655340918237563	120.979347408019	111.18054231446142	161.7171524573984	0.3386350342810615	0.010107322028587402
3251.7914714580056	2.5315833050219267	17.00119981649561	87.7243771322074	79.56404672926057	115.7295225152881	0.2428897339582219	0.007233095157205506
4021.4439874481036	3.131114761904888	20.98282996246314	107.79479461567186	98.4064639455822	143.13667482993773	0.3000617828319775	0.00894604217687111
3917.8426127348125	3.0503964202538727	20.44917908377948	105.13069020015926	95.86960177940742	139.44669349731987	0.29238135021882555	0.008715418343582493
5102.21034080701	3.9735911568627227	26.489199321937843	134.60175179965103	124.88429350139987	181.64988145658162	0.37979022884208197	0.011353117591036351
3588.927659312531	2.7941672282341017	18.74985011271833	96.58996161850281	87.81668431592891	127.7333590049875	0.26796370903683236	0.007983334937811719
3782.1789623955074	2.9447061842315136	19.749170046428134	101.62251679400572	92.54790864727615	134.6151398505835	0.2823160367559275	0.008413446240661468
3131.3929979432323	2.4378193950368026	16.375318396539512	84.53546740371027	76.61718098687095	111.44317234453955	0.23392568938714292	0.006965198271533722
7965.725207507951	6.2122896994390615	39.893754549996785	186.89276344146774	195.2433905537991	283.9903862600714	0.5849716598046231	0.017749399141254462
3505.787361962991	2.729407776350345	18.319206318453382	94.41318709532615	85.78138725672513	124.77292691887291	0.2617842579956285	0.007798307932429557
4911.2942762046505	3.8247031943776766	25.5259490639861	130.01957711677548	120.20495753758411	174.84357460012234	0.3657669753466663	0.010927723412507646
4905.601628442211	3.820264208968935	25.497156535365775	129.8817998646249	120.0654465675951	174.6406495528656	0.36534838474665804	0.0109150405970541
4946.758043453484	3.852357582303708	25.70522904333632	130.87643073643414	121.07409544383083	176.10777519102666	0.368374113158882	0.011006735949439166
4223.059875658108	3.288216206116864	22.018868320110965	112.93895779025395	103.34393790653	150.31845513677092	0.31499215986507356	0.009394903446048182
3923.477515747511	3.0547865597524195	20.478225544132876	105.27593376205566	96.0075775922189	139.64738558868203	0.29279922957322285	0.008727961599292627
7778.254543176987	6.06530509274694	39.068945828118466	184.34383090085439	190.62387434347528	277.2710899541458	0.5719283351830263	0.017329443122134115
4136.727996996572	3.220942445069899	21.575655355799004	110.74302512788144	101.22961970219684	147.2430832031954	0.3086017132813047	0.009202692700199713
3084.984996801735	2.4016790801542003	16.133896807085303	83.30346387660467	75.48134251913201	109.791043664192	0.23046926201421808	0.006861940229012001
4736.231910748285	3.688206193425804	24.63873281202575	125.75375498912061	115.91505179338239	168.6037116994653	0.3528829479753344	0.010537731981216582
5604.496360672592	4.365470758371747	28.999170290071877	146.26352957664156	137.20050954882635	199.56437752556556	0.41653022196724304	0.012472773595347849
5568.868483816422	4.337665546455688	28.82239700377355	145.4568147408476	136.32663146003594	198.29328212368864	0.4139321898976543	0.01239333013273054
5012.559629326	3.903672064819662	26.037457372229763	132.45950033997906	122.68683632290364	178.45358010604167	0.37320888076853354	0.011153348756627605
7275.923551041145	5.671803031900945	36.80723544758841	176.67789095962686	178.25666671688685	259.2824243154718	0.5366573814612777	0.016205151519716986
6036.059147752554	4.702393774713513	31.1232672509893	155.75700252935215	147.78951863385325	214.96657255833202	0.44789221989887906	0.013435410784895751
4156.931267101194	3.236685354061014	21.679433011549094	111.25784913718557	101.72439684191758	147.9627590427892	0.3100975728789819	0.009247672440174326
4612.145836675153	3.591470420235076	24.007733795538307	122.69552222894492	112.87478463595954	164.18150492503204	0.3437369450154086	0.010261344057814504
3985.106175080072	3.102802420340187	20.79574819322976	106.86190298880972	97.51664749640588	141.84239635840856	0.2973685199052497	0.008865149772400535
6499.037928533051	5.0641089203691685	33.362752958946935	165.3056658751109	159.15770892588813	231.50212207401913	0.48129109234571227	0.014468882629626196
8064.241290049376	6.289560153573401	40.3227297692473	188.15995765459834	197.67189054087828	287.52274987764116	0.5917982181292523	0.017970171867352572
6172.086196493874	4.80863848230673	31.78572498019309	158.6350457327789	151.12863801535437	219.8234734768791	0.45773312359521945	0.013738967092304943
4196.3056771422325	3.267367619419971	21.881586033642627	112.25956267682648	102.68869661034195	149.36537688777008	0.31301221561922454	0.009335336055485631
3866.5935741601033	3.010469187052875	20.18489566361333	103.80795601465036	94.61474587880464	137.62144855098856	0.2885800543140684	0.008601340534436785
4827.608879930719	3.7594501386475763	25.102284671757655	127.98773239474035	118.1541472146381	171.86057776674633	0.35961090161583775	0.010741286110421647
5671.387852913829	4.417678968179922	29.330504063442078	147.7690805798096	138.84133899994038	201.95103854536782	0.4214045127117031	0.01262193990908549
4354.170017018132	3.3903921960541883	22.69069317114626	116.25321076428229	106.55518330456022	154.98935753390577	0.32468888998760215	0.009686834845869111
3434.1642043788097	2.67362156991127	17.947897440904566	92.5327351725913	84.02810648292564	122.22270033880092	0.25645865861879075	0.007638918771175058
5211.038789193235	4.058477007842924	27.03613017485407	137.17881245694892	127.55213453220617	185.5303775013908	0.387770231713049	0.011595648593836926
4781.07690895736	3.7231696847422078	24.866351076177295	126.85209049380039	117.01390437761225	170.20204273107237	0.3561855976878589	0.010637627670692023
6946.663933227202	5.414128677108166	35.4835086646375	173.81721362954198	170.15832985197093	247.50302523923045	0.5133047523268431	0.015468939077451904
3751.5145898075943	2.920818059498192	19.590765850002352	100.82663791012713	91.79713901280032	133.52311129134594	0.2800397594090024	0.00834519445570912
7019.19347388157	5.470873304044802	35.62446678364038	172.32495222461642	171.94173241283664	250.09706532776235	0.5184637912021225	0.01563106658298515
7356.916543230211	5.735216611543206	37.176738634506904	177.99226100041687	180.24966493421505	262.18133081340375	0.5423744005441063	0.016386333175837733
7434.059974004902	5.7956274520939	37.52699934840179	179.2169456775765	182.14829135152257	264.9429692385783	0.5478092206324279	0.016558935577411144
4104.233207128477	3.19562217717735	21.408667939424785	109.91381315779186	100.43383985414526	146.0855852423931	0.30619531150251983	0.00913034907764957
5160.046767965069	4.018702007359859	26.780064904740374	135.97458719628702	126.30206308845271	183.7120917650221	0.38403244899629146	0.011482005735313883
5083.0438754718525	3.9586425122594804	26.392710054191866	134.14519995378586	124.41447895672653	180.96651484614767	0.3783837653858035	0.01131040717788423
5211.360969394886	4.058728323993748	27.037746912471743	137.18640246298804	127.56003303980347	185.54186623971415	0.3877938406673181	0.011596366639982135
4457.53658709405	3.4709552420355436	23.219213437245937	118.84759191355393	109.08716474968851	158.67223963591056	0.33232632369066517	0.00991701497724441
7800.843013065117	6.083011500793293	39.16890573895958	184.66031636655282	191.1803614535035	278.0805257505505	0.5735035276956708	0.01738003285940941
4048.720782080202	3.1523677651914825	21.123193266622653	108.4939491321975	99.0744154774466	144.10824069446778	0.30208301564844936	0.009006765043404237
5538.410269189796	4.313896014992116	28.67111242534184	144.7645391998089	135.57958904260934	197.20667497106814	0.4117101176475107	0.012325417185691759
4907.114426008512	3.8214438482742663	25.504808419348734	129.91841990541175	120.10252094576266	174.69457592110933	0.3654596259494099	0.010918410995069332
6478.296452020037	5.047897628549317	33.26337757566793	164.8933389566991	158.64821118297854	230.76103444796877	0.4798007853821842	0.014422564652998049
4405.536646832838	3.430426011752516	22.953464114166685	117.54456240033205	107.81338894079335	156.81947482297213	0.3284850515752435	0.00980121717643576
3624.5388198473306	2.821906320400292	18.934178475954713	97.52025474825659	88.68848435543775	129.00143178972763	0.2706096707156147	0.008062589486857978
4444.4600927636575	3.460763126812319	23.15241022548162	118.52032522311848	108.76684112838717	158.20631436856317	0.33136051646919573	0.009887894648035198
4285.61999301235	3.3369688120949936	22.33963058437405	114.52356519367372	104.87616266584267	152.54714569577118	0.3196202991969283	0.009534196605985697
3008.7856802957867	2.3423402117564796	15.737299836627098	81.27738162511477	73.61640665520363	107.07840968029618	0.2247926272466769	0.006692400605018512
6666.5251948175555	5.195038490158182	34.161714791680076	168.57859831258904	163.2726382621143	237.4874738358026	0.4933035038201113	0.014842967114737662
4034.7322175899653	3.141468374400299	21.051217119640487	108.13551709204502	98.73186319543797	143.60998282972795	0.3010465003334839	0.008975623926857997
3294.7379102147224	2.565030365584678	17.224287463907977	88.85916731507957	80.61524006123273	117.25853099815669	0.24608608589287903	0.0073286581873847935
4560.660588999522	3.551336654673612	23.74543089769322	121.4186362423113	111.6134377183135	162.3468184993651	0.3399389630373192	0.01014667615621032
4974.455155751542	3.873956342417934	25.845137002887842	131.54385896748346	121.75291361884935	177.0951470819627	0.37040958354641207	0.011068446692622668
4871.596249873517	3.7937482288420483	25.32508004354967	129.0574395611107	119.23208719217865	173.42849046135078	0.36284738046206066	0.010839280653834424
6917.608758685093	5.391399371563779	35.34729656353106	173.28814391281293	169.44398024914733	246.46397127148703	0.5112357633435838	0.01540399820446794
5223.529549731825	4.068220478472677	27.098799632743322	137.47290073863184	127.85835789485556	185.97579330160806	0.3886854712245685	0.011623487081350505
4240.620668075723	3.301900943581143	22.108942619302947	113.3843373958357	103.77402965540733	150.94404313513795	0.3162915219734085	0.009434002695946122
6999.961778336084	5.455826221472858	35.53518175310927	171.98779892666752	171.46882410343267	249.40919869590203	0.5170966382020074	0.015588074918493879
5207.717483818676	4.0558862346882405	27.019462634996028	137.10055457797876	127.47071023305898	185.4119421571767	0.38752684532880605	0.011588246384823545
3441.772543275585	2.679547491486428	17.987354229880882	92.73271241344753	84.21434973243059	122.49359961080812	0.2570244753533211	0.007655849975675508
2886.7045444740024	2.2472753264734657	15.101424377381639	78.02357099002278	70.6286531177375	102.73258635307272	0.21569455996973042	0.006420786647067045
7971.667062683309	6.21694956411813	39.91971598609174	186.97062423932857	195.38984344371266	284.2034086454002	0.5853839429292844	0.017762713040337514
7121.209357311157	5.55070218864863	36.09651416937801	174.08795105893466	174.45064021467124	253.74638576679453	0.525706136861462	0.01585914911042466
4193.894985825831	3.2654890759098274	21.869213110055565	112.19829562822179	102.62965667145174	149.2795006130207	0.31283379232815584	0.009329968788313794
3909.79778125867	3.044128740550101	20.40770595914674	104.92326226210184	95.67261756014604	139.16017099657606	0.2917847255997127	0.008697510687286003
5370.731496991647	4.183057478812985	27.83567193880515	140.91146600328608	131.46752076269382	191.22548474573642	0.399460794965116	0.011951592796608528
5435.815193347073	4.233838326307778	28.16045548564405	142.41530935286252	133.0634902553873	193.546894916927	0.4042185444247688	0.012096680932307938
4496.080945519722	3.500998282355915	23.416023318044296	119.81062695329513	110.03137458832876	160.04563576484185	0.3351724986567362	0.010002852235302616
3364.0968143377977	2.6190491301180567	17.58438109654064	90.6886877953713	82.3129726608532	119.7279602339683	0.25124688644300375	0.0074829975146230195
5400.9600235972985	4.206642416778808	27.986598965398642	141.61122107572032	132.20876167019108	192.30365333845978	0.40167106313901757	0.012018978333653736
5928.305413637252	4.618248928353941	30.596015433391496	153.43686669428027	145.1449663196953	211.11995101046588	0.44008115604389675	0.013194996938154117
6761.255086484302	5.269110575706005	34.61077297116134	170.38389625570582	165.60061809361733	240.87362631798882	0.5000800075757753	0.015054601644874302
7647.033235072888	5.962465201380687	38.48520114604942	182.4558065750017	187.39176347196445	272.5698377774028	0.5627586970704972	0.017035614861087678
4074.293190056248	3.172293163264725	21.254731598755704	109.14853341168171	99.70064227403422	145.01911603495887	0.30397759501738947	0.00906369475218493
7414.527245980099	5.780330365950582	37.43847008714773	178.90939508808992	181.6675257870183	264.24367387202665	0.5464341003882434	0.016515229617001664
3870.0862364280492	3.013190215719453	20.20291289839835	103.89820072796626	94.70026392261138	137.7458384328893	0.2888391560316618	0.00860911490205558
6442.137627165042	5.019637821723504	33.089912528421074	164.17091303722427	157.76004582559585	229.46915756450306	0.47720132578002783	0.014341822347781441
5949.375614428895	4.634701497077395	30.699283068579785	153.89328005081322	145.66204705100387	211.87206843782383	0.4416095929734559	0.013242004277363988
5552.057266142291	4.3245459803305115	28.738914719007536	145.07501394881504	135.91430223895892	197.6935305293948	0.41270584666862026	0.012355845658087176
6308.167889101816	4.914950552716585	32.44479591858245	161.45504822972083	154.4698745139498	224.68345383847242	0.4675550958574582	0.014042715864904527
3695.297685369056	2.8770252126426006	19.300199627208155	99.36488442559191	90.42079239733887	131.52115257794742	0.2758655726679264	0.008220072036121715
3928.6728961759045	3.058834283291726	20.505004270985843	105.40981405055743	96.1347917605971	139.8324243790503	0.29318450040841904	0.008739526523690646
7609.653748534217	5.933176694794631	38.3179767348117	181.9027654731779	186.4712675506884	271.2309346191831	0.5601408022795119	0.016951933413698946
4199.126201944203	3.2695655323039037	21.896061792263637	112.33123507156591	102.75777387240838	149.4658529053213	0.3132209678497012	0.009341615806582581
4355.793238870241	3.3916572659219977	22.699000778841047	116.29408105928768	106.59494264326277	155.04718929929132	0.3248088764117778	0.009690449331205707
2744.881950536786	2.136842894782153	14.36205505961705	74.23268759536242	67.15791955029624	97.68424661861272	0.20512047511946627	0.006105265413663295
3771.0319403293665	2.9360223903391547	19.6915948531923	101.33332208791906	92.27498941065915	134.21816641550421	0.2814886205777728	0.008388635400969013
6249.255737211647	4.868923095111119	32.159931317893644	160.24165392664756	153.02329727492088	222.57934149079398	0.46330586369318716	0.013911208843174625
4686.743598957449	3.6496243746841115	24.38728096282295	124.53738533259492	114.70248034721493	166.83997141413082	0.349236632386506	0.010427498213383176
7946.466435898794	6.1971866390828145	39.80953089019544	186.6391484916506	194.76872294260275	283.2999606437858	0.5836348853190708	0.017706247540236614
5579.845650747689	4.346232353909713	28.8768837406827	145.70572202858273	136.59587398001955	198.68490760730117	0.41473279711194494	0.012417806725456323
5474.330650492003	4.263891663670031	28.352353907900316	143.30034419706544	134.00802371534382	194.92076176777283	0.40703218407697406	0.012182547610485803
5156.516704316453	4.015948563851142	26.762324834483728	135.89100658174308	126.21552629246446	183.5862200617665	0.3837736064825447	0.011474138753860406
6204.053790357072	4.833610496304777	31.9408847113788	159.30292250578324	151.91347274100727	220.9650512596469	0.4600425423625794	0.013810315703727934
6898.293184835458	5.376289941422827	35.256628982564365	172.93455758431634	168.9691124447174	245.7732544650435	0.5098596043556693	0.015360828404065219
6641.519483338636	5.175488114101104	34.04283167790749	168.09645282848	162.658197871749	236.59374235890763	0.49151256378374675	0.014787108897431728
7488.560093495416	5.83831311899459	37.77344480134158	180.06586475160188	183.48984088268708	266.8943140111812	0.551642533308129	0.016680894625698828
7996.115337477504	6.236123773065481	40.026417737919445	187.28906512230748	195.99246143920087	285.0799439115649	0.5870795793592591	0.017817496494472805
5066.20526624796	3.9455097259972525	26.307899686022104	133.74344691233892	124.00173424562794	180.36615890273154	0.3771478676842955	0.011272884931420722
3886.2477448558334	3.0257812460349305	20.286272029579706	104.31559981763516	95.09598201824068	138.32142839016825	0.2900380143821441	0.008645089274385516
3469.1220153940603	2.700849422004924	18.129161862805283	93.45113296092205	84.88383897729761	123.46740214879652	0.2590582201618458	0.007716712634299783
5464.6560449188755	4.256342491317984	28.304172852384223	143.07838219930798	133.7707640128509	194.57565674596498	0.40632556831574884	0.01216097854662281
4496.602637889814	3.50140491779184	23.41868608167173	119.82364477623109	110.04415455917211	160.06422481334127	0.33521101457166064	0.010004014050833829
5297.702814818685	4.126082763167722	27.470491909766032	139.2118973884922	129.67688684241412	188.62092631623872	0.39411750680878527	0.01178880789476492
7974.0187020687545	6.218793844178378	39.92998776708069	187.00138919582798	195.44780653132042	284.2877185910115	0.585547095057219	0.01776798241193822
7909.973436278023	6.168570357965066	39.649614818729894	186.15335490945841	193.8693541074735	281.99178779268874	0.5810998581300669	0.017624486737043046
5162.891326341428	4.020920766455825	26.7943587800041	136.04191713416958	126.37179551718309	183.8135207522663	0.38424101883925804	0.011488345047016645
2836.4545391902006	2.2081467467860696	14.839532026080443	76.68167458497847	69.39889775613361	100.9438512816489	0.21194855690754763	0.006308990705103056
6217.726818472829	4.844291827372355	32.00718682591238	159.58757771269143	152.24917171741689	221.4533406798791	0.46102992727887154	0.013840833792492443
6837.814745351164	5.328985190135146	34.97215318713332	171.81790984604794	167.48239168996176	243.61075154903529	0.505547085467944	0.015225671971814705
6952.581399476037	5.418757969385868	35.511224393363946	173.92455013509127	170.30382189498442	247.71465002906825	0.5137259694205875	0.015482165626816766
7140.541457488485	5.565831863210698	36.18566577981179	174.41715227937854	174.92614427233622	254.43802803248906	0.5270766836137957	0.015902376752030566
7711.817391756696	6.013233076001518	38.774043879437535	183.39840721938063	188.98732524576198	274.89065490292654	0.5672897859900279	0.017180665931432908
3228.3222289420632	2.513305535449136	16.879249795802107	87.1036254727236	78.98960254268712	114.89396733481765	0.241142741078797	0.007180872958426103
6061.144521843586	4.721985042355421	31.24570141445901	156.29208739541937	148.40524418831322	215.8621733648192	0.4497087022470459	0.013491385835301201
5778.066568583616	4.50095127374824	29.85736845927155	150.1450506415103	141.45846860351608	205.75777251420524	0.4291682900865244	0.012859860782137827
8057.763993194629	6.28447908284227	40.29462168649078	188.07820324776694	197.51219974647137	287.2904723585038	0.5913499802401304	0.017955654522406488
5780.517143178575	4.502864322098343	29.86944852355792	150.19926037183959	141.51859298023362	205.84522615306707	0.42934649229418553	0.012865326634566694
7673.0388415739735	5.982843395440522	38.60129853000991	182.83661970163456	188.03222099955926	273.50141236299527	0.564578498654198	0.017093838272687206
3747.6547770655748	2.9178112251293875	19.57082252800124	100.72638468773432	91.70263850406647	133.38565600591488	0.2797532076885554	0.00833660350036968
6670.947822691353	5.198496361914138	34.18272611449713	168.6636313623233	163.3813142315872	237.64554797321776	0.4936201649700095	0.014852846748326109
5059.16310886335	3.940017475174714	26.27241964980917	133.5752481500487	123.82912064834814	180.11508457941548	0.37663092630210976	0.011257192786213469
6386.956330920194	4.976514705099488	32.82465081221417	163.05968290993403	156.40474787455537	227.49781509026235	0.4732309658557636	0.014218613443141397
5144.399928684597	4.006497588664826	26.70141995842179	135.6039104183186	125.91849564375168	183.15417548182063	0.3828850596606984	0.011447135967613788
7765.912354461154	6.055630871031731	39.01426251360699	184.16983829063153	190.31982737528296	276.8288398185934	0.5710672508822352	0.017301802488662088
5811.704127836036	4.527211152536192	30.02309319793902	150.8876795751074	142.2837790797089	206.95822411594023	0.43161379147661194	0.012934889007246264
2809.3686960447512	2.187055875195806	14.698330177186591	75.95777218424531	68.73604179186819	99.97969715180828	0.2099291191508614	0.0062487310719880175
5390.291643857887	4.1983186138048	27.933348772330085	141.3645137083389	131.94715643386513	191.92313663107655	0.40089110477932705	0.011995196039442286
4002.189213269522	3.116112453301761	20.883711494636138	107.30068126527074	97.93496281805534	142.4508550080805	0.29863475456071137	0.008903178438005031
7134.815171739258	5.5613502934073935	36.15926865606089	174.31980490068372	174.78529493566091	254.23315627005223	0.5266707825258345	0.015889572266878267
3191.359637661507	2.484519583338	16.68713341814394	86.12512152724257	78.08490119062284	113.57803809545142	0.23839097226198358	0.0070986273809657136
3264.3553335519096	2.541368080913582	17.06647281789151	88.0565087857409	79.871568257284	116.17682655604946	0.24382488205548125	0.007261051659753091
5213.401100948949	4.060319727655494	27.04798419271405	137.23445896215082	127.6100485834584	185.61461612139402	0.38794333676842885	0.011600913507587126
4341.627205860286	3.380616922992763	22.626490983653387	115.9372651378953	106.24796043691542	154.54248790824062	0.3237616873564657	0.009658905494265038
5094.684082840989	3.9677211061693916	26.451315892958686	134.42256824507905	124.69980619389517	181.38153628202934	0.37923797804297577	0.011336346017626835
2706.4373714684234	2.1069082956405403	14.161517531076436	73.20322836213735	66.21711786298842	96.31580780071042	0.2022532824023024	0.006019737987544401
6088.777538240314	4.743566915072614	31.38043121725424	156.8792680703144	149.08353161656785	216.84877326046234	0.4517087949015457	0.013553048328778896
7659.113624363622	5.97193132037725	38.539156861167704	182.63311026373376	187.68927006899926	273.0025746458171	0.5636042052276248	0.01706266091536357
6200.5494977277185	4.830872993332388	31.923885980474665	159.22987023067114	151.82743693330366	220.83990826662347	0.4597894455438617	0.013802494266663967
2917.4884913275537	2.2712464572562903	15.261819268470171	78.84491126703811	71.38203151376912	103.82840947457328	0.21798910144315997	0.00648927559216083
7293.1345177375415	5.685277379675936	36.88590406048264	176.9596135899162	178.68014621838657	259.8983944994714	0.5378731762361187	0.01624364965621696
3595.4765602034563	2.7992684113826125	18.783753999414387	96.76113802132319	87.97700721488211	127.9665559489194	0.26845034134772583	0.007997909746807464
3777.842580662616	2.9413280329903144	19.726773328438302	101.51003161104468	92.44173817969559	134.46071007955723	0.281994164491851	0.008403794379972327
4657.296063603427	3.626667541753152	24.23752720131492	123.8114901339733	113.98097988367049	165.79051619442978	0.3470660941335013	0.010361907262151863
6410.992132206643	4.995297682513501	32.940272841047204	163.54500185030304	156.99507002185285	228.35646548633144	0.4749608681625452	0.014272279092895716
7319.139357683337	5.705637414445601	37.00461563913478	177.38281205547426	179.32003302543316	260.8291389460846	0.5397092259405454	0.01630182118413029
3304.23594684404	2.5724276105073054	17.27361324976554	89.10993738589909	80.84772490165818	117.59669076604825	0.24679290679453636	0.007349793172878016
3709.596221608716	2.8881635983142817	19.37412379736767	99.73699826349213	90.77085594702028	132.03033592293858	0.27692739217520673	0.008251895995183662
5904.524398471587	4.599680290443174	30.479364732581715	152.92016018777923	144.56138055678545	210.27109899168792	0.43835546644523865	0.013141943686980496
5956.269780530347	4.640084894298763	30.733054579522065	154.0423324921914	145.831239535104	212.11816659651487	0.4421095864652259	0.01325738541228218
7275.9408694167305	5.671816590068071	36.807314647391664	176.67817509222917	178.25709283071083	259.2830441173976	0.5366586050944148	0.016205190257337347
5676.526797818106	4.42169007654061	29.355928249845814	147.88424925011827	138.96740240556204	202.13440349899932	0.42177878783146755	0.012633400218687458
5563.986607302117	4.333855671640122	28.798158904044545	145.34601753447674	136.20689253726096	198.11911641783414	0.4135760965823272	0.012382444776114634
7417.234855198076	5.782450791479188	37.45074831392536	178.95213081260994	181.73416773220305	264.3406076104772	0.5466247580695089	0.016521287975654823
6099.442830180058	4.751896960785366	31.43239264661754	157.10526307964773	149.3453330532544	217.22957535018818	0.4524805090267508	0.013576848459386762
3280.5942774422942	2.5540151069328156	17.15082757522948	88.48560746874084	80.26904621788849	116.7549763169287	0.2450334939180401	0.007297186019808044
7777.411110662127	6.064643972131374	39.06521039461358	184.33196466698027	190.60309626698603	277.24086729743425	0.5718695001597185	0.01732755420608964
5724.484942876241	4.4591243697437175	29.59298094739025	148.9555796387751	140.143908763374	203.84568547399854	0.4252702891594926	0.012740355342124908
6325.007613866286	4.928108138943328	32.52609213352627	161.79977078883195	154.8833986525046	225.28494349455212	0.4687688977632073	0.014080308968409509
5578.684283764262	4.345325992926798	28.8711200454003	145.67940287508833	136.56738834912792	198.64347396236792	0.41464809990941937	0.012415217122647995
3575.7266788016404	2.7838845498355234	18.681500241248223	96.24478276739494	87.49351442340216	127.26329370676679	0.26698272410436175	0.007953955856672924
6403.4105675648925	4.989372916470248	32.903815637734006	163.39213290306134	156.80886308906494	228.0856190386399	0.47441529118141446	0.014255351189914995
8075.90327868429	6.298708550529576	40.37330219842234	188.30659283040066	197.95941158807238	287.9409623099235	0.5926050296102316	0.01799631014437022
6488.485649664845	5.055861305655305	33.31220718522515	165.09608315892032	158.89849817773816	231.12508825852825	0.48053296798965034	0.014445318016158015
3668.800826433236	2.8563847361385464	19.16317430074883	98.67474157497048	89.77209170721147	130.57758793776216	0.27389766188973125	0.008161099246110134
7895.653252985857	6.157341837964161	39.58674753853931	185.9608665276106	193.5164577645879	281.4784840212188	0.5801043774535978	0.017592405251326174
5991.949639161237	4.667946913804613	30.90769463364739	154.81146491132364	146.70690300528784	213.3918589167823	0.4446963585022819	0.013336991182298894
4551.799691942634	3.5444296073264763	23.700258868713338	121.19841866998824	111.39635908740352	162.03106776349605	0.33928512721857407	0.010126941735218503
2960.9863731938467	2.3051182542288204	15.488398346538638	80.00449389926312	72.44657370433436	105.37683447903179	0.22123087449321757	0.006586052154939487
3817.185194962955	2.9719772690699835	19.929923891047615	102.52979771087585	93.40499988505663	135.86181801462783	0.28491409214061914	0.008491363625914239
7279.487819468602	5.6745934290333855	36.823533731606	176.73634021461186	178.34436491247783	259.40998532724046	0.5369092048869872	0.01621312408295253
5106.963670258099	3.977298508699639	26.513121316297955	134.71485487847949	125.00081027341724	181.8193603976978	0.380138986936715	0.011363710024856113
7740.061879461971	6.0353694066599495	38.899579199829084	183.80298208147633	189.68303849502698	275.902601447312	0.5692627927249246	0.017243912590457
7518.406291824424	5.8616917038008625	37.90804933213504	180.5249687622573	184.22459640516996	267.9630493166108	0.5537395633422421	0.01674769058228818
5258.14106427803	4.095220123023773	27.272340077443523	138.28595021373224	128.70691815217572	187.21006276680106	0.3912208436237142	0.011700628922925066
7694.053459490691	5.999311597865768	38.694967424349365	183.14196469449172	188.5497930757813	274.2542444738637	0.5660481292353625	0.01714089027961648
6683.642564220559	5.2084220287758365	34.24301217404756	168.90730600816678	163.69326376152628	238.09929274403822	0.4945289555319894	0.01488120579650239
4716.519506374333	3.672837882505226	24.538606468678996	125.26978193260607	115.43204773587854	167.90116034309602	0.35143074371153343	0.010493822521443503
3339.7005589587857	2.6000483978755042	17.457750051854514	90.04563030468952	81.715806790373	118.85935533145162	0.24943182185306	0.007428709708215727
3385.764341877853	2.635924817740425	17.696822337462372	91.25939436866393	82.84335141469907	120.49942023956228	0.2528587574428107	0.007531213764972643
4145.371299223916	3.227677499049452	21.620057444686257	110.96334452938643	101.44129282726848	147.55097138511778	0.30924169518182154	0.009221935711569863
2776.5158760359363	2.161474702534225	14.527031457448425	75.07920256161053	67.93206207964708	98.81027211585031	0.2074794747989304	0.006175642007240644
5606.367159614354	4.366930832386491	29.008446880270714	146.30579775431463	137.2463975892897	199.6311237662396	0.4166666073164507	0.012476945235389975
3895.8627172092824	3.033272097340196	20.335855831809198	104.56377567972007	95.33140877354903	138.66386730698042	0.29075119161270435	0.008666491706686276
7484.666061532617	5.835263041988557	37.755864206304395	180.00566180865874	183.39398131964035	266.7548819194769	0.551368817154562	0.016672180119967305
5832.619627617745	4.543539960147373	30.126039593803945	151.347824446061	142.79697017606028	207.7046838924513	0.43313375323340114	0.012981542743278209
7912.404390902666	6.170476523250269	39.66028058807855	186.185927463356	193.92926215929418	282.0789267771552	0.5812688083673099	0.0176299329235722
2911.1845915568024	2.266337656066417	15.22897660819884	78.67676412191193	71.22775490494452	103.60400713446475	0.2175192481017643	0.006475250445904047
6970.8620458426285	5.433059468883928	35.59679065274096	174.25524911348003	170.75329759349492	248.36843286326533	0.515026879723341	0.015523027053954083
4430.009667611367	3.449500276631056	23.0785683692674	118.15835298401869	108.41286583697604	157.6914412174197	0.33029310554055885	0.009855715076088732
5208.859736945108	4.056777244230804	27.02519505762658	137.12747160231456	127.49871339011098	185.45267402197962	0.38761055112790943	0.011590792126373727
5427.272472916421	4.227172712285935	28.117861696524646	142.2185100886769	132.85399952898652	193.24218113307128	0.40359428517015444	0.012077636320816956
3842.893624768045	2.992005432059178	20.06261392344932	103.1952096565118	94.03445643614559	136.77739117984814	0.28682172925001315	0.008548586948740508
3381.7549808012855	2.6328021253410627	17.676018069949226	91.15382120692507	82.74520965357625	120.35666858702001	0.25256050944779174	0.007522291786688751
6304.527310465859	4.9121060671713295	32.42721280677178	161.3803980775033	154.3804763968132	224.5534202135465	0.46729263602216264	0.014034588763346656
3380.7803926058396	2.6320430679027664	17.670960877725395	91.12815657897573	82.72135356265836	120.32196881841219	0.2524880109901895	0.007520123051150762
6962.38339971828	5.426426299514644	35.55711500081305	174.10203733468728	170.54482655617454	248.0652022635266	0.5144235761402981	0.015504075141470413
3910.231546461369	3.0444666835272303	20.409942250556206	104.93444846264653	95.68323862514151	139.17561981838767	0.2918168955130025	0.008698476238649229
5584.02013194374	4.349490239759269	28.897599290599192	145.80029597612264	136.69826467814846	198.8338395318523	0.41503722606794785	0.012427114970740769
5706.579494361519	4.445147753938426	29.504521224128286	148.55632599614003	139.70464369520766	203.20675446575663	0.4239670023059164	0.012700422154109789
4070.546586741258	3.1693738775889746	21.23546329118745	109.0526844843166	99.60889329565349	144.885662975496	0.3037000427317222	0.0090553539359685
4648.877666995779	3.6201048148069264	24.19469836374128	123.60368781611042	113.77472275107485	165.4905058197452	0.34644547252714797	0.010343156613734077
5462.086366080674	4.254337366865162	28.291373021255982	143.01938736795657	133.70774581576222	194.48399391383597	0.4061378682573807	0.012155249619614748
3583.9149749704034	2.790262674286956	18.72389750456439	96.45891037522362	87.69396976330434	127.55486511026083	0.26759121722345036	0.007972179069391303
3767.416401392479	2.933205813118041	19.67291849800622	101.2394919843811	92.1864684122813	134.0894085996819	0.28122023580383465	0.008380588037480118
3251.6221862949383	2.531451465584579	17.000320277606704	87.71990114981756	79.55990320408677	115.72349556958075	0.2428771334372719	0.007232718473098797
7117.7353845588905	5.547983459703065	36.0804833694771	174.02862714787335	174.3651944478106	253.62210101499727	0.5254597858339668	0.01585138131343733
4785.354506462736	3.7265048061219392	24.8880505975583	126.95665968367682	117.11872247811807	170.3545054227172	0.3565005473253187	0.010647156588919826
2811.292283366712	2.1885537041514653	14.708358893136928	76.00919577122352	68.7831164161889	100.0481693326384	0.2100725418601502	0.006253010583289901
6096.966812369063	4.749963072582183	31.420331409118987	157.05282846331465	149.28455370972577	217.14116903232838	0.4523013627383277	0.013571323064520524
5042.309830249087	3.9268736116001026	26.187482516652103	133.17228739311358	123.41602779314609	179.51422224457613	0.3753936150886459	0.011219638890286009
5241.689191466451	4.0823862517065574	27.189872296129728	137.899826114768	128.30356791077753	186.62337150658547	0.390015840383666	0.011663960719161592
5111.6136869335105	3.9809253019959057	26.536520445340066	134.8254522406794	125.11479520558561	181.98515666267	0.38048014622122756	0.011374072291416874
2894.2672283854504	2.2531642830691387	15.14083173295475	78.22540145186113	70.81373461074438	103.00179579744635	0.21625828214754111	0.006437612237340397
7153.622349583693	5.576069592935283	36.245934219978835	174.63900921555214	175.24790149225174	254.90603853418435	0.5280037072677811	0.015931627408386523
3367.2037168541947	2.6214689204646895	17.60050554103819	90.77054599942754	82.38902321460452	119.83857922124294	0.25147802265996305	0.007489911201327685
3135.695373386653	2.441169913463627	16.397695275727013	84.64960620629853	76.72248299457112	111.59633890119437	0.23424609345616398	0.006974771181324648
5428.728757351463	4.228308999518069	28.125123479122834	142.25207134665115	132.88971141342503	193.29412569225462	0.40370070811525066	0.012080882855765914
4613.306402290044	3.5923751266820765	24.01364329304381	122.72425253465373	112.90321826715098	164.22286293403778	0.34382253703978816	0.010263928933377362
7153.882135643008	5.576272916932161	36.2471306966081	174.64340795695654	175.2542916750108	254.91533334547026	0.5280221151011915	0.01593220833409189
6368.739345410929	4.962279437760731	32.73693837567067	162.6905374245845	155.95735375819444	226.84706001191918	0.4719193466457192	0.014177941250744949
5560.215670463626	4.330912805217368	28.779433914873167	145.26039147702275	136.11440244968873	197.98458538136543	0.4133010208314003	0.01237403658633534
5260.863154270374	4.097343611985547	27.285981306088885	138.3497773491246	128.7736563766886	187.3071365479107	0.3914201972418228	0.011706696034244419
5606.828545914309	4.367290924134251	29.01073463446512	146.3162207383228	137.25771475850502	199.64758510328	0.41670024283899076	0.012477974068955
7323.683741050292	5.709195486941339	37.02534175072866	177.4564603292328	179.4318581610135	260.9917936887469	0.5400299604007627	0.016311987105546683
7020.497770421707	5.471893822191541	35.630518736159566	172.34776338947486	171.9738058403056	250.14371758589905	0.5185564906639096	0.01563398234911869
4975.953617759642	3.8751248919567973	25.85270350958121	131.57992326447751	121.78963946149935	177.1485664894536	0.3705196884384521	0.01107178540559085
4524.763726070227	3.523355490946038	23.562381478821067	120.52568034122804	110.7340297154469	161.0676795861046	0.337289847054481	0.010066729974131538
7432.471458376473	5.794383376801064	37.51980362850501	179.1919986074496	182.10919184231918	264.8860972251915	0.5476974127169353	0.01655538107657447
3273.543653275803	2.54852400977197	17.114204014954034	88.29932724599965	80.09646887854763	116.50395473243292	0.24450874976349135	0.007281497170777057
7350.986781395405	5.730573487213955	37.149746969593444	177.8970176421581	180.10373816958142	261.9690737012093	0.5419562183319222	0.016373067106325585
4656.524036363227	3.626065690458396	24.233599813974426	123.7924384267641	113.96206455726387	165.7630029923838	0.3470091807705246	0.010360187687023988
3430.636845140021	2.670874216751632	17.929603501927456	92.44000463669227	83.94176109790844	122.09710705150319	0.2561963287300841	0.007631069190718949
3337.3153232142963	2.598190697685665	17.445367612257957	89.98273133320838	81.65742192726375	118.77443189420183	0.24925435067379872	0.007423401993387614
7065.317871324799	5.506964086614635	35.83822278468487	173.12739242368022	173.0760141507457	251.7469296738119	0.521740326870517	0.015734183104613244
5056.144292181	3.937663082765507	26.257208152333376	133.50311274677762	123.75512545834452	180.00745521213747	0.3764093123024565	0.011250465950758593
4114.653752565946	3.203741903195762	21.462227686117107	110.179884162845	100.68903124329537	146.45677271752055	0.306967068022964	0.009153548294845035
6649.2486350525505	5.181530943855601	34.07959316745789	168.2457290316316	162.8481153783189	236.86998600482752	0.49206623036382824	0.014804374125301719
4659.102232284751	3.628075583171854	24.24671512396684	123.85605772288298	114.02523261397255	165.85488380214187	0.3471992421090847	0.010365930237633868
5256.466708249735	4.093913969740827	27.263948841700174	138.24668168664533	128.66586762042598	187.15035290243782	0.39109821800204175	0.011696897056402363
3165.224837787686	2.4641664495662927	16.55125738497093	85.43263932830956	77.44523127208348	112.64760912303053	0.23644504067138758	0.007040475570189408
4378.460596557176	3.4093234211451313	22.814985531561476	116.86438577285833	107.15016466456126	155.85478496663455	0.32648424771286405	0.009740924060414661
4591.423114409301	3.5753164139283666	23.902191220983426	122.18212778309119	112.3670872948915	163.44303606529675	0.342208482199612	0.010215189754081047
3989.8667129611454	3.1065115169073585	20.82026325344446	106.98421469983613	97.63321910280268	142.0119550586221	0.2977213971341405	0.008875747191163881
7488.278415484317	5.838092488189245	37.77217323935173	180.06151226803271	183.482906771662	266.88422803150837	0.5516227347265948	0.016680264251969272
3314.796265388175	2.580652219389148	17.32845043597254	89.38866771083107	81.10621260937322	117.97267288636104	0.24757874373748592	0.007373292055397565
5687.742781314575	4.4304446089770915	29.411402408530357	148.1353621923168	139.24254485356576	202.53461069609563	0.4225955640668193	0.012658413168505977
6846.494558894718	5.335773961431155	35.013035433993835	171.97905347304666	167.69575307355058	243.92109537970993	0.5061663539104709	0.015245068461231871
8060.356432682939	6.2865126931070945	40.30587315973601	188.11095077730562	197.57611321193727	287.3834373991815	0.5915293908217926	0.017961464837448843
7970.836600108538	6.216298274239114	39.91608816703269	186.9597530071884	195.3693743332293	284.17363539378806	0.585326324443216	0.017760852212111756
7395.508950605152	5.765436846387491	37.35216992293498	178.60828434264923	181.19944374360685	263.5628272634282	0.5450945580608548	0.01647267670396426
4341.561405197555	3.380565641346579	22.62615413433367	115.9356070245567	106.24634872803533	154.54014360441502	0.32375682291792807	0.00965875897527594
4888.164070177744	3.806667004578547	25.408935344308972	129.45936329564003	119.63810585818291	174.01906306644787	0.3640660117543618	0.010876191441652992
3503.7322217350966	2.727807028681853	18.308556114709567	94.35929582203015	85.7310780442868	124.699749882599	0.2616314737995468	0.007793734367662438
7023.473820450213	5.474222377911881	35.644326039058384	172.3997862314749	172.04698902008766	250.2501658474002	0.5187679955894858	0.015640635365462514
7277.851664841474	5.673312512213896	36.81605253446807	176.70951635668186	178.30410752672242	259.35142912977807	0.5367936096096967	0.01620946432061113
6644.37700789095	5.177722182280838	34.056424259872564	168.15166706277904	162.72841144311204	236.69587118998115	0.49171726831278323	0.014793491949373822
7910.043681211465	6.168625438396252	39.649923043217285	186.1542965498191	193.87108520673934	281.99430575525724	0.5811047402831547	0.017624644109703578
4177.191245930294	3.2524726992165665	21.783466936558913	111.77354930914987	102.22057054680637	148.6844662499002	0.31159740233394373	0.009292779140618762
7417.061300759167	5.782314874383751	37.449961356113555	178.94939250115272	181.72989605206075	264.3343942575429	0.5466125375285478	0.01652089964109643
5522.939471026575	4.301823018599393	28.59421327053348	144.4119937557252	135.20015201312376	196.65476656454368	0.4105810928264492	0.01229092291028398
4678.191021060665	3.6429568515401076	24.343797205807736	124.32672087644448	114.49292961983195	166.5351703561192	0.34860629693268336	0.01040844814725745
5402.986080959331	4.208223223195498	27.996709903869707	141.65804252694116	132.25844415757277	192.37591877465132	0.40181917465339473	0.012023494923415708
4346.593677714967	3.3844875435175847	22.651914362599538	116.06239632704998	106.36960851055268	154.71943056080391	0.324128835545222	0.009669964410050243
7588.55404043048	5.91664534039361	38.223401851045836	181.58765353594558	185.9517106980849	270.47521556085076	0.5586619437449932	0.01690470097255317
7591.834034606022	5.919215117055614	38.23811226296169	181.63677677202134	186.03247510746218	270.5926910653995	0.5588918886174485	0.01691204319158747
6308.127058864408	4.9149186508121305	32.44459873357169	161.45421124993777	154.46887188266695	224.68199546569738	0.46755215238231235	0.014042624716606087
6961.19193163367	5.425494178071019	35.5515381121453	174.08048384029524	170.51553131080348	248.02259099753235	0.5143387875079929	0.01550141193734577
8051.845335690229	6.279836312727562	40.2689258604414	188.00330635845864	197.36628411429479	287.0782314389743	0.5909403267920338	0.01794238946493589
3602.4370554114826	2.804690221600484	18.819785844385585	96.94302590685339	88.14740696458665	128.21441013030784	0.2689675388479151	0.00801340063314424
5415.84464939394	4.218256062123829	28.06086552339905	141.95496546396384	132.57376195246323	192.83456283994647	0.40275908735050264	0.012052160177496656
6673.337620801866	5.2003648598339325	34.194077860592515	168.70954927122787	163.44003845192358	237.73096502097974	0.49379126339166185	0.014858185313811235
5142.22043686614	4.00479761934848	26.69046264058547	135.55223493193202	125.86506803666649	183.07646259878763	0.38272521979074475	0.011442278912424227
6973.281053858126	5.434951973518928	35.608107057677266	174.29890798559592	170.81277631059487	248.45494736086525	0.5151989853241613	0.015528434210054079
6199.2469254310445	4.8298554468106225	31.91756679909583	159.20270603966486	151.7954568997624	220.79339185419985	0.45969536362143903	0.013799586990887493
3120.1373364785463	2.4290539636739994	16.316773272295954	84.23680049746422	76.34169600118284	111.04246691081141	0.23308743735947374	0.006940154181925713
5861.495894326316	4.566084627780345	30.26804227426916	151.98105356162662	143.50551687309658	208.73529726995866	0.4352314391602941	0.013045956079372416
3401.9988815754723	2.6485691596143406	17.78105336672495	91.68673434967339	83.2407450164507	121.07744729665556	0.25406635129004956	0.007567340456040973
6740.5499440745325	5.252919415622544	34.512800933094596	169.99220760787978	165.09175306242278	240.13345899988767	0.4985999790271191	0.015008341187492981
