3951.841874625046	2.9127829247578534	12.002705931857045	119.04604830292391	109.17735788681486	137.74048912522852	0.29088220179767166	0.009126662525247945
6206.1647980499965	8.240498190257627	21.22125986573019	267.20693368373065	102.09613661313001	193.3119615070247	0.46371992430864906	0.013551037564672738
4364.115294957706	4.719608345010941	12.930697667562391	142.38204966261193	106.91390091691699	144.00569239121415	0.3218152166582949	0.010006684730537398
5971.375498946155	4.718645242602599	21.76664043996684	244.00338189307382	175.30282532469113	216.7602253769689	0.4442081927587978	0.01304768446003731
5517.630290957976	7.564682699314274	19.310691814553646	243.99990128305075	116.05262255825464	213.30078419442083	0.41263784241257845	0.012004732183796378
4526.674770714599	5.743383528936817	12.730034536672092	143.47132750694868	139.72071386694833	169.30252432883032	0.33267098583929766	0.010436470560364322
6431.689586477711	3.0009080082787016	26.371956468558583	289.6630073269616	102.1271452579398	242.77672047359923	0.48310546964426704	0.013713168256383718
6455.3868393238845	5.692191902632646	30.28442585569974	386.13190912170586	92.08150855558162	207.7866167833058	0.4916034169827592	0.012794943957921575
5134.64805259884	6.200707136412424	18.210328478889988	224.85053671861183	119.45347306983295	167.39673682235124	0.3845516194378655	0.01117882840198879
4223.847302347464	2.387311787060444	21.29742174935464	261.86125780094204	71.253249343131	148.15948603573378	0.32666958867943174	0.00838042053539162
3316.099800250823	3.7140010793640945	11.59512188257906	138.13457010767166	63.88048520455411	123.0216451607357	0.2484066473403307	0.007302280314684125
6015.871089291989	7.796815633501687	26.709679308889626	361.2000405046258	163.5166041511667	190.57951561999877	0.4521186495936415	0.011839675441161792
4190.692557412206	3.7893763986385003	20.828506078474653	271.40276592510133	70.63903081750875	121.81892327605668	0.32483271866877733	0.008248273969490091
5686.833212800236	2.4526113677289016	24.698522217955407	279.23562022814207	160.15180841249546	192.3697684376208	0.42750634224285033	0.0118520876474379
5595.695120505245	6.999357765918601	22.545118335928684	292.03119096335564	97.03240588160028	193.6441451188821	0.42343622115411883	0.011700098426132153
4416.273400187115	3.617135786015155	13.781594641231932	143.09594759549887	137.09987995346575	152.89903906306446	0.32597813467073167	0.010099305587276414
6216.636477358905	2.7099071432429436	27.017309831289257	306.91564331006526	177.55328456235077	205.95217845586106	0.4643602359224227	0.012822412232263566
6045.9937780418895	5.5983573471992685	23.804561165880475	287.64972383702093	129.93669736188974	190.9930045763852	0.45410739030958214	0.012811312128367388
3442.1570361216595	4.3375303647243735	13.948683040829446	181.70902564309685	92.41172285624395	109.94045660370935	0.26185886064951225	0.007229570109039503
6664.625855994493	8.76785108412904	26.84463121577443	352.9615654815197	126.35075166059144	231.33193965895788	0.5007393555354605	0.013749062789280115
5915.824542337825	6.642973405282561	16.780156881925677	181.85549897260913	106.31659845487258	213.64020441486545	0.4347756341455993	0.013633966137559718
5819.798741574339	5.0963239637276585	24.218682210680637	296.4160067193829	136.2882898726055	175.5798508865762	0.4385916221004631	0.012129659864166416
3570.129752578174	2.6865384801207868	12.290200513353975	132.10710621023432	88.04902046323987	128.03156812420738	0.2658317324606474	0.008002692058198901
6324.1748878918615	8.836428798056568	26.002226446856998	351.1131261658692	177.9790654893285	205.13343658123122	0.472324508813375	0.012749968064730548
4841.576872509888	6.9931437843499245	15.094432326599	188.3427352523726	115.06232009522039	166.19784204583667	0.3596757726755331	0.010823707774459606
3863.42397677636	2.0949130375855622	10.594558622361665	89.73346870242013	91.311190745975	131.0139059797889	0.28169686391939247	0.00915518330253039
5024.180562970137	4.757118763561274	22.83576898574632	291.16801127270213	101.73454341075384	158.24598416878993	0.38390249118484804	0.010170304390840731
3607.504762796654	4.610634754541479	14.64177092821366	190.2804857958176	87.75988898607045	131.28832901604738	0.27435630074074785	0.007569170134976421
5046.47811714252	3.6211831282915314	22.789060097450317	276.25444885329136	86.76346997093248	179.92967242199288	0.3850363316694321	0.010353976387771038
3713.7573472255363	5.714281363637708	10.707854786148697	133.4763930875869	96.51080250983975	127.28945122224584	0.2746744374860982	0.008431453960980467
3678.7060987379336	4.04911215348551	14.445778909784153	180.4617510238878	99.36689353422973	117.27963550723736	0.27846673456016896	0.007840045472342386
6483.343071801606	6.270623210014047	28.680600002026424	362.49170639165703	108.85819194898475	232.59209640432044	0.4902893365200052	0.013120893102070385
3943.0094802262297	2.4507269401405516	16.61218944019237	191.88591105628777	58.68866279614527	137.2875571786132	0.2995263710989484	0.00836117440775436
4137.1043035035245	3.1861509837953172	19.22413808485673	237.73263129586218	96.84838031365203	145.90114969691393	0.3171067602967393	0.008418585322549361
4220.5335124454605	4.576181206718822	14.68389150045183	172.54650342142017	72.10168134896657	162.93101470244636	0.31560069845424044	0.009315379678166957
6463.333870244573	7.682998528802187	28.745340504514278	381.22914645134347	136.27711195251223	212.30652746245227	0.4865376713730165	0.012760860110740409
6496.087654794194	7.814343633591082	29.70453426855633	396.43555616567625	100.69081250725765	220.60870668056722	0.4935286234980172	0.012824732917191875
3725.6050140281964	2.974800929081894	11.995262358890503	124.88773544939318	95.74862179794619	144.90570969975283	0.2758175723253411	0.008468053521782457
3459.7961462872195	2.333699343300308	11.113281770691753	112.08220809782692	73.1572568892376	121.4786571313452	0.2559414291127843	0.007901499129609555
6324.572084110741	4.304735561997852	24.32435609495701	275.2846624341492	123.28235868008221	194.23357181026316	0.4731402277018039	0.013669274356355392
4083.3520682843455	2.843435410664851	11.05862249089413	99.03630232935781	78.30107525957962	139.76296101213404	0.2978856798130901	0.009654326180459286
4014.8323392210236	5.551502412646202	15.084753679733767	197.84760417311514	110.55482214953717	121.7099429568496	0.3033830413092931	0.00856237023320826
4617.520823392064	3.960916673586874	13.61472392309541	138.25022932167673	91.61133274891134	159.89320004260878	0.33963112280274493	0.010672343478880679
4438.679111221982	2.8610557703007777	14.39485396396907	145.49950071077015	140.2373589216505	144.97391570824485	0.328116511018686	0.010122651928104538
3696.3156360561347	3.2624404926770656	13.875137422691711	161.62245216025352	72.2830367957715	126.11927563059382	0.2780938156538797	0.008049012960583909
3906.6528739593005	5.773877543213057	13.026919623245837	168.32849674998252	82.88046525263067	122.74675189856812	0.2924427278576119	0.008591310932920699
4980.274067402182	5.025704768192407	18.606433708406776	221.65299260217282	122.16855010372285	187.5171558817203	0.3736587060697202	0.010775784597286245
3949.341590395247	3.3581626473226702	13.18258646166843	142.58571149230633	124.36789666274733	149.63141486963914	0.29318147536083644	0.00889447559010169
5080.048537800185	3.903062204126768	16.48680529493976	172.38984579159657	125.07857704135839	179.39924885276002	0.3759479604537996	0.011514397470511216
4210.360908861134	2.4550131508532194	16.41037185267872	181.25780709106434	114.59864846928238	142.2549261142491	0.3165305435011526	0.009150653660090314
4203.654534799126	5.031649980393937	19.771204943199063	264.2743059114968	73.85654295403103	146.60491829725993	0.324414171275266	0.008368030099163653
4733.817803438476	4.296011714899012	18.152825359176834	215.2027428851921	139.08169137820207	156.08473984068783	0.35575784837072133	0.010197836678933099
4032.9619086910584	4.0579710139190786	15.029110704591464	178.99472634370886	80.68842031084836	147.13214067871687	0.3034071286104788	0.008753946275319138
3679.422317792137	2.969514137440022	12.781525703440892	141.36857676869292	99.73748903409154	116.73777576161214	0.27450136383971185	0.008203177200667154
3928.820198449604	2.2307755601865873	14.281307284505214	150.80746303214096	85.81081930042602	137.05987487307112	0.2934703813150751	0.008735780624000497
5610.501502445025	5.4226739285230785	18.98746046736919	213.88330388768023	128.10056186100445	214.703817791439	0.4168986953112604	0.012485665619272964
3994.7458119541343	1.7328470640677176	20.244468902917177	244.0319061621388	71.2350273704518	137.70181446741708	0.3088916151964243	0.007965912485810713
4017.9015622948	3.8408039938698173	15.99411914686967	194.47733411792512	67.43165627307846	131.469219072722	0.3042773295239148	0.008573547900916835
5150.984332015224	5.25334419995102	22.851312657526798	291.1229885043671	92.36241026982842	185.82036571271115	0.3929044160218097	0.010511070694631346
6297.165276746242	4.05460230190872	26.482331151886026	308.5796523022712	140.6320688229008	215.57958977065547	0.47262327064966075	0.013133883943250971
5152.465068614554	3.4198234867987676	16.974413279321993	171.550324786649	104.63121305189773	206.36399698213287	0.3812315756933809	0.01169158425452764
3990.611922830352	1.8706969757097156	12.95586362690173	122.03910346012093	87.70824020432285	152.27514038587233	0.29467451888458307	0.009152762109869997
6484.999979863173	6.463627505713163	24.560797639575426	296.1480646730155	159.80405658484545	218.83432765027456	0.48375775510859176	0.013828644398471358
6258.185701930635	7.054247609922598	27.963823596412965	365.44168153667533	125.54995432013092	223.53067095232512	0.4729974024604559	0.01246048323570471
3965.8176805126586	2.3196696810203274	16.012355591650156	180.3079449007842	88.64871739918458	131.0036180356064	0.2994266547049373	0.008542968743391551
6519.754851630547	9.488327719576604	23.5390786891548	311.21670302931216	160.46703362700933	195.53320635056193	0.4865998962927321	0.013864656406963962
6167.855233997822	7.368194230880485	27.37626352064229	360.8805276313102	95.20049583450033	219.48798867007767	0.46919808521522544	0.012381641983558577
5784.532804023437	5.523846934145196	26.839579594468802	346.042737267266	153.1695465094348	185.19918188379216	0.4368464133779571	0.011369975070592366
3896.7474964723206	4.757458865883472	14.732805203750738	185.29853265796638	85.11458929618863	139.99306791412693	0.2941486424130367	0.00836301870854898
5829.796326215833	6.646209934418648	15.651523073236332	164.79493378639924	118.16857708589137	217.4617236002752	0.4265498088069477	0.013592718118386218
5481.669561563597	3.138295181657122	16.301942541527133	149.09481075124413	116.63590575284479	202.604040371007	0.4018461294431526	0.012768917155678988
4768.485379941308	2.030890688418719	20.38453501738247	226.42530680787448	116.81834540506213	178.87190421425623	0.36035878578156144	0.01011286851028232
3242.4793944513117	4.566631962773834	9.98141135309355	123.03813893735366	69.5352088993696	107.83329381788377	0.24098440455686249	0.007285410762093818
5209.213946906341	7.441105336770344	15.126879518612617	183.54664372605114	132.04507232878564	174.4335417230306	0.3847341155612662	0.011825496137522502
5354.248528408321	7.02335112427489	20.926774519508164	272.49304764248876	147.57885419361727	181.16765843596355	0.4033250954391243	0.011233474823831273
5693.449642104472	2.9012007193378997	26.854439421555178	320.8024945900625	133.76631332582411	185.53549590905803	0.43154422942033094	0.01141982826797561
5139.012134690965	3.023017169312096	22.189706454748602	256.6486292388934	128.116274653109	193.3465673864702	0.3886092239457639	0.010742209988211331
3995.7806773265006	5.642157442796555	16.668160207404078	225.2839996021099	60.64850243373614	127.01270552288284	0.3054926562223339	0.008260641226897578
3956.887563848982	5.287932228226554	14.956453870243074	192.22605769442688	112.17088706950288	150.0288413195261	0.2986750080175769	0.008453295448449973
5096.924536263275	6.858147516610701	22.32870872236668	302.2410109999779	80.88287337139991	160.02192493396814	0.39007717207406317	0.010325366871706288
3348.1872565801827	2.6382836404681878	9.068087264020878	83.42432003344898	67.52997422779966	127.5462044602927	0.24444197050715927	0.007893208029567375
6693.80170765382	6.492336160301669	29.52133597555151	378.80704683631393	166.0466899903794	187.25126947921683	0.4983189802096955	0.013225438403314261
4329.590181431318	4.004423873592139	17.20553872010864	208.03460984486352	72.95746306616743	137.34577533086562	0.32757918958879867	0.009249167127718427
5686.926112946326	3.077595360572474	25.53549243115151	301.1093986054369	125.62363788993957	174.12803134796988	0.43049827146656433	0.01168684344528555
4941.3078872856095	3.5704480673885826	17.8989847394347	196.54909143385896	88.9096993299394	175.1017910489809	0.3693657890799176	0.010908579589897376
4104.986375752137	2.108605117201768	19.37472108922996	231.05434428583027	59.95881509334462	130.43596650487711	0.31547799666315246	0.008388676355196736
5304.182920740577	4.766260861046353	20.406810647525095	241.43457867003676	82.83059607752028	180.28369210780247	0.3993807775831125	0.011416605120970306
5472.213717243103	3.3529025079704495	15.91001804612301	144.8088591316457	121.37518783751506	205.04011271701566	0.4005364505948307	0.012793449321558806
6044.6557096463475	6.918209648654873	23.366938979255856	293.0077689681918	137.901917130147	203.4497881799919	0.4535434572767605	0.012793788194886937
6053.639593201366	7.827624293008932	21.856342639019797	277.0241540629007	171.2466195508322	199.8578332289629	0.4516017175040386	0.013015325811568897
3577.09468951541	4.898081024002485	12.809819461203553	164.8867362962162	60.66570072410872	112.67781816948839	0.2694884461927747	0.007747540016286617
5667.531983126867	5.309273162580822	18.909800621561285	209.9040398238112	121.0368479072291	214.7039163411689	0.42060854452637486	0.012678273477691059
4610.0954413512845	2.512180779453208	16.224740691440438	167.150857576549	89.57967893941387	159.0293941289032	0.3432689818802465	0.010323189949568046
6169.94642854972	3.403066895302067	24.24130950370032	266.4099322926268	184.92475947571438	225.9933850049157	0.45938957112414214	0.013230154146982075
6327.681998085604	8.820287146957632	21.192201459608988	267.8288741781973	111.52634239162879	216.57577221617842	0.47177873764916783	0.013860497123731857
6200.775080639556	7.8947930928918595	26.25222065400491	346.1480314516298	112.61338470991258	225.6472107907096	0.4690508975414883	0.012623703963186468
6002.718519511351	6.07098240460937	21.392781303663067	251.3238171251773	120.0846048406696	210.2979490859623	0.4479602266520157	0.013137191457306251
6495.891451281914	8.74707484999325	25.486015717292915	335.15722012634853	186.60604369357935	229.37141890623045	0.4834846086288272	0.013361075567322682
3987.3295658535867	3.69628360457014	17.87167577310078	225.43788516903024	102.65723684652099	129.27204526233888	0.3050725920912263	0.008174483702667474
5418.6940152613515	2.7623915779965738	22.29152751610433	250.38415039856724	141.5407462841985	167.7307619790824	0.40741659458622004	0.011549759078017703
5830.38671824201	6.332171451692922	25.574735867434242	329.2775806277435	110.73025380983681	208.02437559710188	0.4424506095458466	0.011833513499294852
5695.24349320409	3.914420106099412	17.00325994730079	161.22114229489486	107.90664219138688	232.45132063973944	0.41802959384124516	0.013196619265830909
5230.908147580156	7.159182446516292	22.88093731342615	309.82026477816686	146.46389465308786	183.36878662080073	0.39699144078550097	0.010508602131364557
5399.83859949696	4.703007108412282	19.64797544020494	224.7966478623153	92.08574095523953	189.33617025359496	0.40401115337400106	0.011842878003190244
4533.990587677044	3.425493174817856	19.497537690317458	235.41362941603023	91.92407190603804	135.78057531025817	0.3449067898184006	0.009476833900497566
3415.1511645122837	2.4160355641900386	15.096910953067324	182.23562667204675	64.864134275066	103.97851617046484	0.26119828856952565	0.007107634923241314
6293.314193056455	8.127656977641696	27.56640611839678	369.7952345488698	145.05776777892743	218.7786028701066	0.4734389853304982	0.012458460881966494
5356.745298722229	2.8028869823271556	17.63307771716612	171.4666282943448	89.62806076940704	198.73136872451204	0.3959177836241307	0.012220322064644788
5297.287420263178	6.137636907284796	14.508911524841533	157.50638403784046	120.99349710666722	172.7659354266323	0.3886094929418405	0.012286651251644909
5247.02688382221	2.5995740124535756	21.995019586543656	247.44168691818342	127.37139401846305	175.86616583981083	0.39553678606096054	0.011135486307419725
4429.966829025062	5.927096874916081	12.656643148354576	148.17717473220927	110.01502395440903	151.04286238846058	0.3266641651418931	0.01013636816195708
5046.635003474267	5.5432997985294215	13.528889346764455	138.97932880257375	112.53116642111584	202.21765939481665	0.36896753791947273	0.011801495599069472
3582.5364123078425	3.7736774220232414	15.443202292871119	195.8893047368844	68.84012253725116	128.81364439521886	0.2738017804655103	0.007432035607960029
5056.017533083153	6.366974973928693	17.999494048188204	224.37761134750775	80.81825994265205	174.61021690072803	0.37931892328631095	0.011006408619285576
6054.911950588991	2.9659834911369045	21.519355742274403	221.26738413914745	128.3150993416186	190.1178793702268	0.4499019386372179	0.013500434364350533
5076.0232826306465	3.79244147719277	20.05852584119513	232.43220878665386	89.27367143874048	165.44046463575842	0.3826143866037464	0.010903681868106498
3811.469994722547	3.5618927402910208	14.515588407086211	172.45713425708783	114.10485341288059	126.50586376046056	0.28701167637681996	0.008244632095979535
3824.5423247341323	3.993380140188496	16.433041168698725	209.54515631759713	100.98688272425859	116.03775698810146	0.29187275974958565	0.007930552025655442
5558.27313979003	3.394820737789227	19.401660502904374	202.35232113515332	155.4810360533885	197.47904066270266	0.4125238982181898	0.012413980000903393
5763.131882234628	7.487529968086854	17.612729793269963	209.3036813524733	179.5481723446271	202.16820747579303	0.425700340372956	0.012988152201572355
3911.9810540013236	5.847124536203738	13.751477234417804	179.3740590695755	77.3435167207134	145.51086519340845	0.29416812939824616	0.008479783331510947
6132.363297250648	4.179555949611049	25.405043948154912	294.6005258645828	128.66006396523233	230.01209527519677	0.4607973714354073	0.012897037951110388
4357.253924037067	3.757606131587136	19.11560142695919	237.07577870071586	70.06675074007076	133.6154128056409	0.3328326642037384	0.009031464234336494
3172.2307345653835	2.90754622571033	10.169206706377611	110.37001696944182	84.69635807186168	111.67031033960899	0.23514421847166941	0.007195316446743272
6495.833283998399	6.391870901956373	29.40826044906053	377.1320181816062	94.47192566695897	212.87768837712207	0.49351155148098536	0.013023788711787453
3517.024155914972	4.956926202320829	13.35218046250303	174.81846897009189	68.422722848264	128.2430411416333	0.266213567788947	0.007498604478035866
4652.290751279039	2.76217713445006	16.543279369518938	174.3307424364981	114.13769014427079	154.2731610001867	0.3465318902402741	0.01038525479070352
5812.829091052147	3.5322710924019396	28.207906333124395	348.41779048126887	98.7995897274819	164.22458296831232	0.44411944233826267	0.011531796857653707
3686.629553122022	4.789242871580824	13.155248861101445	164.24435659160716	67.16259290719422	144.30136241623532	0.27699284297624127	0.008028351995400534
6246.080640793078	3.3257869442458614	22.58051690874466	234.65343968172562	180.56739516891716	234.92163459620423	0.4630085687369579	0.013801817336213275
6453.460015317462	5.420630287959785	24.946259403861216	293.2501731139246	180.61748206805433	212.20882054014197	0.48045049472390683	0.01372573339317222
3237.1349331607066	3.3150234016059277	9.534922587950744	102.75652237670627	69.9201093807345	107.50864875246116	0.23879524517758036	0.00743473218846857
5694.617708676554	6.846639141256766	26.20508535850163	351.79240122041466	94.60942858339327	166.53622013203108	0.43559469718055704	0.011299347685056233
4190.432239760219	3.2875363897896603	13.743324143435425	143.6758765726198	90.15260026572777	168.786168672178	0.31064208683400096	0.009481599805671181
3441.24787126192	3.1297321034394336	10.405492954014909	107.49160710109469	75.73306650187666	141.27872244775193	0.2537002799797786	0.007904697772853285
4383.232020525903	2.43626805463101	15.06787238149881	153.50777393246446	127.81646359677323	148.85988995695493	0.325438465694421	0.009880658904637536
5361.336994980484	4.899610467709521	17.99607700913692	201.09231296906262	166.35403899016316	176.44588165969932	0.3977994013155532	0.011980421710784294
5476.438927396103	5.168679873705739	22.675287585480504	278.01722107118997	136.21292039589716	199.991138062241	0.41303286245489196	0.011441632243704297
4789.74593042401	3.9956298208327015	16.52161479648238	180.39337925677185	133.1138632410445	191.85585334430058	0.3561506351446413	0.010685685104945416
4924.572555230135	7.455922947773323	14.727902266537003	184.59036751084017	113.82088669993924	169.78624279898594	0.36487413967098437	0.011088648340591182
5602.971541632023	6.017358453019423	25.641178864519276	335.6069052906489	135.20379568758364	179.46334398226972	0.42542383828589747	0.011107872148334995
4376.4669711842735	2.2196026251547596	12.28604602228701	103.62993265904852	96.09092554749652	163.61217483424335	0.3193767071179788	0.010338999705931976
5642.652902808357	5.922594615492268	18.4297106381653	209.25138316337	149.12024709947096	209.82084236090603	0.4181798100492705	0.012633182282981263
4584.809016851803	5.675404206878892	13.71382673704773	159.08010117621237	75.76718755764867	155.02781183984945	0.3392290845422187	0.010413879386092995
5335.010859380927	8.331052725838347	14.846656531556434	181.51652841838853	152.47383846838576	216.85699628800919	0.392658633485276	0.012181371791893339
6039.904542341188	7.319636447008874	23.642445548387318	303.54164209662235	133.37720893894385	183.8527845650454	0.45421029914547567	0.012676224479617693
5425.827535446635	7.918071524145572	15.58853311444966	187.15713662845653	86.4980957714784	221.41348372674443	0.400558926922375	0.012333330650115541
4698.251935364895	5.657299321416101	12.659484677572403	137.88719038403968	152.94330774463523	158.4516501485498	0.34419474301462627	0.010932185471266117
6361.951998527419	6.22714915309207	23.18493174948215	273.81133375561325	115.32499780792604	211.73573181546217	0.4753644822964839	0.013825400357394206
4094.5702870789432	4.354116788390238	19.348136831747798	255.09901614284456	97.31388921253523	119.04726997250035	0.3154873480800294	0.00817007004329781
3427.6113713563263	2.16819387676561	15.715894387534002	189.09494514701015	73.22537144130396	112.06825346417163	0.2628890563635119	0.007060267569657283
5557.461800977427	4.43915996295075	25.574399158987884	319.4015821664609	147.56425738822873	176.952669409971	0.42077001840833883	0.011134428344029964
4787.394363788809	3.444151080711342	20.10165206435002	236.87605865823147	97.56103831933564	165.9456800062943	0.3625810995257794	0.01011156785541874
6109.277404327678	5.94161550615507	26.160997590274015	328.72762314097804	124.09475413258954	201.00543867825684	0.46136890579733253	0.012506916028728388
3362.2233824532245	3.142042730957302	10.081083179572458	105.63340954332628	98.13982893906933	122.50003087402375	0.24784355809715833	0.0077302214470869775
4857.416975107501	3.187063688916388	14.042827303280491	127.99233701052005	85.03797930892866	200.56868063343987	0.3556358276652917	0.01135699071760117
4490.678961944707	2.3056121380107006	19.361958957423845	222.50145241935988	67.6699088966318	136.6259032686979	0.3414738185354048	0.009469500492937268
3034.746579942809	2.580321880650813	9.045559866122884	91.24703421743982	57.624682510728896	117.98929506669519	0.22341776394595378	0.0070061260083559
4721.907850591685	3.086237974970739	20.456881939281406	240.5653848584554	135.02931945961902	170.32849659125355	0.3576013235920659	0.009870344829275485
3680.844111596369	4.516182148335697	17.912144668935024	244.38320031122052	77.13333435823282	103.27313917716015	0.2856369054209854	0.007235419863356556
3401.2000232482237	3.974407588124438	11.863683386908805	143.33475492205312	73.00749795129553	120.69580019349843	0.2548765449283855	0.0074781951485690815
3967.7304133351117	3.8665603082332973	14.873799223615123	178.02422850175333	73.11142004349308	122.17686842372603	0.29891773570653224	0.008600247637239423
5406.3458937190435	7.602270023603309	19.446024307623844	251.57111982161047	131.05870071939776	187.73176383352623	0.40536215645088225	0.011635292447175379
6531.205626684346	7.939224948571276	26.186274395900085	337.30316239049034	127.4324427082895	224.52127470327022	0.490794312465057	0.013541024119431724
5724.341077219059	2.9755448182157984	25.466592761352562	297.7021651445978	139.16233705920527	178.03042208300016	0.4321555946106087	0.011801350157702917
4033.815265650616	2.6108560066728765	16.134291957640194	184.2383130435819	119.63771574205988	123.20695240909485	0.3042373200726762	0.008686488148952582
4080.761957004025	4.970853073671887	14.05428902471523	172.0581974241506	90.02996652562678	132.44096303149942	0.3055144925620066	0.008974911249909213
5115.164152606564	6.379065412543018	13.889758308159108	152.0264973410537	152.82060848191162	201.12271968827187	0.3747719627956365	0.011868428203845401
6521.481175440622	4.379553610251306	27.325359112768243	322.3556293435181	187.69564128339792	202.56865259823402	0.4849389907247572	0.013419996821552763
4241.52949963307	3.9903649284303184	12.20743500511134	125.70527377051091	133.78916487297724	144.89278622249816	0.3114636076860974	0.009835680467444301
4378.769879176309	5.344709092784024	16.728354116391703	211.55097594398563	96.07985261711286	152.4746718319461	0.330614860766505	0.009354343504409161
6323.423309036315	6.22980765151511	24.40420640437116	296.8747362452709	147.98736993016004	197.0965420359544	0.4732301551286643	0.013416059894588793
5190.49290950599	5.704137186509521	19.779239959905308	242.191829337492	123.2543328945181	197.44093779348472	0.39000889130674776	0.01113169706618573
4905.840732328367	7.279725577299742	14.73216312486034	184.20497824875997	100.14981279932582	158.6967224984065	0.3637484590563266	0.011042443000421839
4555.322999767458	3.214013842659205	15.265593660268117	157.84278628033013	138.0815170275123	183.32663354375066	0.3375754057360337	0.010284256501178243
5464.721518042001	5.041777631447248	17.126791434651363	183.37165698393017	149.90625414629756	202.00915608287326	0.40345131902408754	0.01241498644966788
3589.534726111509	4.8506161128795044	11.418979160046428	140.28375798715734	73.99839942675258	119.22721839672505	0.2673358589573856	0.00801856808742026
4112.4587665064955	5.40529088086942	10.868441140138442	122.3189090925984	107.41072583654525	134.20876898145534	0.301613327108069	0.009554875043529755
3341.06670461679	3.4436041213454422	12.404541257192475	149.80622210551374	84.28671558517684	102.61794237120681	0.2516409543020062	0.0072541043893608196
4349.937926621663	3.8168075010177307	20.58083219453076	263.02527576420107	86.71289248004099	128.39964318567803	0.3348098941053718	0.008723073830553985
3298.3039272583324	4.246907559478711	11.199503711887164	137.34544082935724	77.61400807259643	124.98697928919799	0.2467748972024345	0.007273510279729013
4856.246932430857	3.6021830213556614	19.995573432714533	234.28234426467316	139.61514169044793	176.65298104116772	0.3663573898146552	0.010276094582697657
5645.29919762107	5.676687118803501	20.079175515722845	233.9842707472608	149.9054581973665	214.33435118769276	0.4206498748997595	0.012377137702270821
4025.6210211589305	4.688008035281705	16.58607947681728	212.663291882976	75.78879837622897	135.388355589846	0.30637425477330105	0.008432314239358406
3740.332376615045	4.393275552355109	14.263043829536985	177.65877316535298	97.81142480410419	139.5090906472994	0.282283524690255	0.008027861782123112
3540.163327824179	3.9761447901837887	14.21200834991149	179.95384961182123	59.00997411834117	110.29084720918314	0.26915542582075325	0.007480574144242837
5780.220841950024	8.195499868590742	22.60945111499946	299.7030106616144	103.6985332922198	208.33636997518235	0.43644671949992647	0.012109666238174027
5470.3382203270785	8.016204880870273	19.2906882967315	252.03941448198387	116.5679981303805	182.2130674680998	0.410119791298726	0.011813612812891536
3779.486068200828	2.9981423261547193	11.879814678586401	121.85998109444671	88.97346999748252	144.3419539011317	0.27923286956365406	0.00864023621629666
5616.121765358433	6.723087449695327	16.315504932947285	185.04945679667688	93.38072039838495	181.19329957807858	0.4140651381688758	0.01285345254516794
4633.493133507394	6.8786226262423265	13.458541175720082	165.47660835722593	100.56867615857199	160.73792286145147	0.34252813683714006	0.010517882547217193
4107.961861046285	4.900922431332705	15.747982561572073	198.63062491772678	78.37613151698295	137.22501216877646	0.3105694591254075	0.008780337123243505
5601.280776449264	5.63852304262705	17.652708767579536	196.01168375575676	149.1723115784838	187.04419400282382	0.4140145512596649	0.012677887742998058
3330.5185510582105	4.038315250480866	11.424142796700943	138.4483418571432	87.51333962426375	120.26475044494534	0.24919296364757973	0.007347466938869947
4703.449867692913	5.845428580057137	22.413588444028818	303.3407120848318	119.45686282854209	163.19506187324748	0.36126300220741686	0.009208564688972994
5956.5983852737645	6.275657541345507	27.180161228195615	352.5773172394279	84.98350038921035	205.3449469358343	0.45484404965692105	0.011933505548774365
4627.0484969941335	2.9627687381615853	20.880630700105094	251.00335025983276	126.91045347692584	143.30815338127766	0.3522894041937957	0.009514618152486819
5880.826797151334	3.052814160224803	21.916157084407796	230.4927024337502	163.88385254977078	227.36224692870306	0.43737259643840953	0.012933896597142794
5828.815517514015	3.7236085586088166	17.10095486993626	157.15999767935202	100.90786304514666	235.59623189848784	0.427019995575156	0.013584340159133873
3647.552332703978	1.646857050186705	13.872391224500209	144.49586198485545	103.0170312843244	144.18725412005065	0.273065805460634	0.008053924394647244
5989.732549901703	4.230053092339648	27.152914798062664	333.63852431664463	162.03649865576753	172.59494469269916	0.45035427708535297	0.011989131203143297
4248.381795099875	4.947478473930992	18.858251496658728	248.24217273367248	66.59856745548468	128.5695278485901	0.3259703717722863	0.008669813443819969
4528.432977716459	6.084281806097627	15.237865053639384	188.81525211833903	72.50418770166895	174.15412797789972	0.33860108289604685	0.009971222131760283
6206.8891756455405	7.174683942523041	24.99719242544905	317.4578169119402	117.59176088320491	223.87017131170768	0.467534359836842	0.012937934105335112
4307.331631161915	5.520191531603043	16.75456264924546	216.54924764522897	127.04935949233764	141.06149062876105	0.3256870445501992	0.009117734111525083
3567.535739494354	2.794752951720906	11.15526705677498	114.78268801665507	112.27290087718535	121.29033735105514	0.2634740458932376	0.008170442442838417
5791.618517071058	6.746018949540414	20.226392864279344	245.50410474083313	122.52515982322016	193.42399802212762	0.4324031745143054	0.012670588234425548
4330.555350680025	6.561270484560961	13.15544694447341	165.63862968332847	122.22867001012831	150.48140899630567	0.32130491791595733	0.00972461270884033
3950.4590558829154	2.8005347063850494	13.66267281876476	146.51528246528986	115.57730613407035	127.65574558903612	0.2940544008312133	0.008854489435540623
5628.166227965926	4.811429125030279	18.009922251335126	191.48373812582147	102.30806680924604	204.20887373938731	0.4164826142229401	0.012747123475188565
3476.131411337342	2.1948192571962335	12.422963152772619	132.4247067335861	108.08011918254505	117.1156825662303	0.25937748183839676	0.00775281856011745
6222.112190437176	4.619367312798477	25.04956165173897	292.44505755493964	130.24925002443172	209.5684306042608	0.46688761890300245	0.013180385917467653
3577.9882368533886	4.636540712139401	17.364026052571404	237.59279617317787	61.54961405129694	122.22852666652047	0.27788674551933124	0.00703447111728883
5882.03692629465	5.250469685404807	24.617901562374747	302.6418654046597	152.54414395321973	184.57900029082737	0.4424275507556925	0.012188432515638267
3314.214513458901	2.8865509616660625	12.098090236403488	138.3065625436332	71.20812813759302	118.46014043253679	0.24856166732122872	0.007286641658183268
5704.617590375291	2.903754626508781	20.458404788961563	211.69525388776617	157.64466729534666	191.65283488161728	0.4238438861446856	0.012681307389461459
6051.7092314224565	4.961903350367374	18.716089075394013	192.25230258671584	98.37452413562177	226.37705432609388	0.4461930113530938	0.013841134261886559
4025.494188448123	4.062851342336065	11.182358841336539	113.4154128499452	71.32135726113653	164.9463722288645	0.2950296633517296	0.009376298596838166
4374.975923385292	3.8992600617280297	12.22818884248734	121.08076842231117	128.93194407083632	153.3712627049941	0.3204977648872284	0.010208944341374097
5261.236842592216	4.382971801651553	19.058097780913148	214.1803774478856	109.17673589344341	202.43396377850908	0.39315248308055495	0.011554263105581473
3816.2280023911	4.590534885985057	10.502161733431704	114.6288587678021	63.1967015079442	143.80309662203348	0.2804092596234443	0.008830080333229993
3614.031723757255	2.6617731157923665	15.421933456686725	183.45427332825741	80.51886126989363	125.25751966077709	0.2749617611286864	0.0076119966488138995
5004.955013328276	6.15682049659117	14.098347706593307	157.86675035210925	120.41055467242951	177.32149723091965	0.3679064838437051	0.011537320134828458
3392.535828833099	2.8327982523380637	13.584907816582263	160.5320350974803	93.93525634474969	120.18390785226893	0.25669318411606296	0.0072603354832371
4275.281510192656	5.506287564433406	15.787421754600919	199.2241030454928	85.5306120462961	163.62443842781454	0.3219849045611714	0.009212544349723437
4669.450526296947	2.6733206219028625	13.46719780116934	121.41714468248836	104.07537038525413	153.5400611821235	0.34178586500332697	0.010949933202188643
6610.049133703932	6.47558989642871	26.01231576977383	317.5225280341339	110.97369675628659	214.02018659967442	0.4963286866961456	0.013998061844448673
6381.335941485267	3.059362034899854	26.683142257224173	298.6278979483664	117.74262967377658	220.89888920628326	0.47935665712190284	0.013496765222799644
4351.741086725199	4.317143063870677	13.986645225934684	154.3213854700849	76.71947060681991	169.22505048770043	0.3227728190208797	0.009825560287605497
5949.871380376691	5.593051278148881	17.494984344673547	181.8839737052632	149.7807409235128	213.6012377457662	0.4370575800850561	0.013708488264917384
5027.086264780358	2.8746787274072854	19.451360977772037	213.38484034366076	115.98831077019558	172.45178183210197	0.3771116559616076	0.010932812312979379
4178.052177508269	4.664408544881425	12.361140490807646	136.66575813820998	113.50792693155995	148.6030804100741	0.30803784368003284	0.009577413150772218
3646.0403637457093	3.4096796685505324	15.9708421761079	198.76598102150754	93.25466802400474	135.8071015848627	0.2783917478939106	0.007558452888524491
6068.537213939665	8.961540800513577	19.39007107418824	243.65145301601464	119.85058964302628	241.4922654117944	0.4508274612457613	0.013443519763210001
4144.115238183123	3.492288484363113	14.973517779470999	168.31162274806277	110.80851630174753	159.74770172642866	0.3099941236579323	0.009126971369837141
5891.431383180593	5.065814647026227	22.224972790214874	259.4801220335333	109.57499714826074	187.7545335297586	0.441619317451301	0.012746366937419387
4269.938397618094	5.299701139824987	14.232022038516032	172.4033073984117	107.07900723942016	147.25789866574232	0.31848822452791187	0.00946966887357219
3063.1632064878527	3.1960776318239237	8.780371656268121	93.20000089193857	60.629481353541195	109.4735645940107	0.22543515238720094	0.007073290375372943
6039.955280451336	7.728797238533883	19.93393364559008	243.88922926566943	165.03850342641448	200.0201401551394	0.448383592105921	0.013350590844077224
5307.44716929226	8.353135802917057	14.260926287566415	174.9116873061763	125.84486587809072	188.42929977094224	0.3902728784797262	0.0121859256808005
4997.770781108679	6.8553615178488245	17.664057855739877	224.3485101173504	94.58090911669547	187.25727998292427	0.3748170128640128	0.010855212118790019
3530.0021062810947	1.8493881065312334	10.727892845741618	98.74014861714984	76.96344202150917	121.3923317406902	0.25947398908378194	0.008202623508218109
6522.176730078602	4.457706331390819	27.018896809500003	317.0391990074291	99.37590165732084	197.5562279729604	0.49152634322121447	0.013716484306286423
3981.8283894300444	5.948437475495955	13.354554014268958	171.0718037572339	63.4912297587792	157.24864292091763	0.2980851016075996	0.008744741320498708
3475.839235171167	4.794305540450069	13.786866182479978	181.34173958413982	96.08085588011907	129.61728916341997	0.2639293245363595	0.007321336813141135
6053.044873039384	5.673083846463929	27.93089129933968	359.8603904835876	140.42099779575906	174.66514365131528	0.4573031330573081	0.011933870830248211
6037.2259258147815	5.376742067473527	19.154603819827862	203.71106690587158	145.85524089797008	234.43322456518078	0.44564567737728156	0.013679161414471305
6392.6212735011095	9.060655947377914	25.08890005770666	335.0195872228547	163.03558760104696	212.94052897548247	0.4782941410880509	0.013215601128839405
5239.912369412125	3.544293817989694	19.226056975537414	211.39240880546475	137.9608225201954	168.762107145334	0.39124137512687057	0.01152345551219575
3535.806278801263	4.274905913076739	11.837991637590054	143.23397183260266	67.956133179705	112.34435740634969	0.26421890410343135	0.00783979943786525
3459.7798815142082	4.134153042496965	10.756486607800781	124.73528884590274	80.52010209850971	123.78207682622202	0.25667253239870896	0.007812617215508234
5202.752492190605	5.055476174314854	15.968821753449545	172.3396883328662	148.42839367594624	182.30985107827124	0.3838967496774938	0.011859244496811774
3830.455647738126	3.9107092046040415	11.51488387032994	122.89338560988601	115.34059826442507	157.75980153924962	0.2824209051089845	0.008777436556311751
5280.503873295295	4.894626647681919	21.824827183518323	266.672179036035	109.7766127974777	187.95780783989605	0.39933690361731156	0.01108242728860184
4185.422117736378	6.067429014041394	12.837714216043945	158.70944582350702	111.63644576660761	153.09640056195778	0.31056325201842244	0.009404508692397699
4952.890968680806	7.129254290294544	15.283867552719915	187.64572288939587	90.48284368820842	198.02820214482878	0.3675326860620676	0.011107849009477946
5811.638702771721	2.9802899240593264	16.706992983858058	143.49469820599685	145.32413453257251	230.82422102309246	0.4243569974564592	0.013655439670651682
5979.378815530079	6.351546198716318	26.013600444492315	333.3744210817548	154.69172859762216	211.00480230833267	0.44995123667038067	0.01207550319884014
4546.550188244471	2.351400504663432	21.40841977684332	253.98981800324106	73.25044187062521	161.85365360322302	0.34853237342959964	0.009284030977558854
5452.227120904831	4.417434711878523	20.274903793365944	229.78930878611496	102.08717176723121	205.07705248526054	0.40808779467078266	0.011910286577967073
5587.814359983867	2.837178319963677	21.852837169048453	236.6264094697387	152.34161833649267	203.65716953090015	0.41781631594116375	0.012104591557004551
4535.382666049098	5.55976535770271	13.239611407586452	151.32105941170835	78.93726278892503	153.0705994337998	0.33480518726154573	0.010365367699106731
4293.892460161456	1.7943570689698405	21.360458101381912	254.8300020460433	85.96473940365287	149.83278236989884	0.33056239565395545	0.008621296235027913
5944.609022688587	5.039414570918836	27.430052016961067	344.88430246076723	92.96091996108086	197.4537491558997	0.4530977461469009	0.011954291879493855
3841.451779384053	5.8302938723502304	10.201531049819309	121.92439246391501	103.25854719024628	141.07872123465933	0.28222224534040613	0.008868521697856353
4974.334461857749	3.0679112714851966	17.13715559421301	176.4624641243082	139.4649315033273	189.8264126118634	0.36912559101188336	0.011172925104190837
4232.013462806861	2.2578845344783645	21.20027506586852	259.9504304509204	111.78149859740792	133.52341590029667	0.32593349380346676	0.008396960426818232
4532.278682224187	4.2592538048415065	12.241864278879389	121.37649091425642	82.46643439829572	150.57267203595416	0.33169122391516886	0.010613274595190916
5540.736393207318	5.742736118224287	26.10319289909178	342.40604949543047	142.33292091726378	176.63344109777393	0.4206815694036079	0.010863659332677248
4988.453700093944	4.718378654533048	14.923987280585504	157.4872566065975	83.89271827612743	174.71931319279392	0.36779827810062704	0.011445319332855114
4452.878612111889	5.764726817386661	14.850505215209086	182.24910541329612	95.86588497545067	156.4093349435646	0.33240831377177044	0.009847691986296321
4726.198712067303	2.115139659186275	22.859850814281646	272.2887008167954	93.17772597678922	150.90477929790288	0.36251046384847846	0.009535774588859633
6422.257151805875	4.890215865458377	26.070758905567615	306.69422049293536	102.58728371159664	216.04029546348698	0.4833172572064147	0.013573846976530704
6150.190937378444	4.5135101793719326	19.89142037800606	207.09746298801986	153.79504244859524	196.5492695965994	0.454188370095389	0.013935664766324025
6704.935210631034	4.877342776694569	29.272265738450795	357.0196532856616	169.8594226428485	190.33910142343774	0.4990685385700472	0.013482949873322304
4057.8305783284413	5.207576168924822	12.82475653176646	152.24098161379177	69.67669324582411	161.5158490794119	0.3014498698151923	0.009110589132507304
5787.6653397671635	7.001972308048737	18.899870964879852	223.91938760539267	130.42361789263208	218.54347397611068	0.42956250653338773	0.012896444306419784
6182.05500082068	7.2169557078540345	27.3384929016095	362.8639825056453	163.38629536178294	177.16009028081191	0.4637835918518676	0.012193859322632221
5391.041215066959	4.4091464870008625	17.619648259712594	188.3400148094668	150.3575539554206	184.1440196301602	0.39910097139724027	0.012162095369744224
5183.315981169154	6.529387438637533	21.222173563529942	278.41839528841706	89.93981709852106	155.72271913846998	0.39373379413213544	0.010782323806645979
4529.031306348622	5.843916355785653	21.60218115083932	295.91517261514025	111.40041028897053	137.20213071539808	0.3487034157856787	0.008887196809419927
3661.8863260359167	1.632620568702463	15.590042350332352	174.36178258118946	75.62880581253668	124.82487364833452	0.27781699174050345	0.007800186291234428
3243.608849631184	4.938209933238393	9.453302739897133	118.28675266858598	90.9767926453872	103.79295935827433	0.24019853826511914	0.007350533809290955
4537.924210937444	4.776517585850022	17.017667028032086	204.8244145128428	86.78698008149603	173.73916730549462	0.34147686890256795	0.009804448765636584
4370.038911060437	4.229342247504488	12.567203045250258	128.69296979886607	88.77899786198839	174.98197166448662	0.3209637314838011	0.010121731803911325
5743.294144807409	2.6927758817481204	24.679316770394003	280.56056022233673	145.12199728639766	183.1398193220959	0.4322826503006438	0.012016898697785295
4129.74122514984	3.6331934293517874	12.34082036762154	127.25755462296526	128.12295956159377	142.8585285431031	0.3040014636390935	0.009519899208528991
4999.733857948898	3.8175249674876253	22.17390152486776	269.17595343740487	97.82566553193962	179.9720935817051	0.38062806183296083	0.01030589263552772
3614.1021704281784	4.734065782257632	11.571565691956822	141.2985689160536	71.97780230635361	115.35736899353843	0.2692477588682034	0.008071965062780795
5085.036603316784	5.078366549359363	14.896871233705	156.32160367541937	150.23806953572335	198.27807100905642	0.37369568623718846	0.01171863995230783
5313.9201104088015	3.1023539972022807	18.788623948747617	195.07513296183535	145.47021643502768	199.92042560383777	0.39486622643896374	0.011850668131222583
5614.356741917209	4.875155010869436	25.55902911974717	323.6539724466504	142.18196670100477	157.77431584212442	0.42542237746075084	0.011263707324308841
3427.363599673372	2.1679073995779468	12.378635982555277	132.8898595064145	95.70697647943402	114.43893759747479	0.256108184620485	0.007618927603033773
5708.493793507211	3.6084021723454964	22.789396168658275	256.87213558023774	104.82844804841238	208.0937938889555	0.42901480412104454	0.012259265799274381
6585.349898983497	5.44990218334959	25.905751947637658	304.09736967948925	154.2931116204362	240.03873712904272	0.4914583794337416	0.013952043846962994
3244.3715235748195	3.8412534682789294	10.20807166042125	118.48631191643874	78.55674564094276	117.8527901555546	0.2409156339252896	0.0073102378285939745
3584.147954561565	1.7002306119304915	15.486678439438295	176.74071515247206	80.37665993854937	106.895001695381	0.2726367626826886	0.007579384972332363
4223.888653370049	6.14466001339818	13.35880413292019	168.92362437671807	86.96390902286453	132.899778080756	0.3147416546379994	0.009402298371394873
3393.1091795433617	3.6019354283188205	11.826514373333339	140.23036406950933	64.16596381132791	105.41832848727239	0.25413330850547056	0.007488592890989876
5931.596010000875	7.225722210891649	17.911732761694434	205.9775613158318	172.88101481394145	218.28456365484635	0.43728291465282526	0.013453821887832508
4706.041906712089	3.917811501898242	15.152034885703777	160.00240073756098	90.8562474794302	177.097742164881	0.34855666711583133	0.010665858941233177
6395.1228272427015	6.300521050561089	24.911711001111062	301.56834771338924	146.03287153457086	233.0580226334094	0.4784081040475651	0.01352734119096578
6157.139633949658	6.044751505538744	24.55324672055156	302.63803670024237	129.5050941872257	182.62530068562748	0.462783396478113	0.012969599015438097
6097.966357837411	5.5568738785341685	22.8081965367168	268.46488429967854	145.81901972717023	197.77626271039315	0.45560770197523814	0.013164089600543095
4067.791187455941	4.2854070739286065	14.308250326967277	169.42463857755283	64.20704018182327	133.80591360334458	0.30475455153929387	0.008954152618419937
3962.809730778306	2.633377917938383	16.54040282351232	191.1401317708819	111.96379416217519	149.0874422595058	0.30007858094105067	0.008413938464442721
5284.342456011155	3.6178279055896265	23.805225683965325	287.42786766440514	122.40066571572834	179.99249368457	0.4013074471453674	0.010810115445791357
6393.330322105386	2.6656779808279456	30.26839192840655	355.1793861071882	93.70564368121066	215.72376517601003	0.48572950332483444	0.012903802389428044
4538.57348329621	5.7823985882542095	15.744045210216193	196.5762843122114	88.82368891996109	139.57259251466033	0.34024646019619836	0.009926808460299138
6095.004693951895	7.303134786329587	25.599122444777073	332.89383734836804	172.58397077468922	218.40300275187886	0.45653378176589	0.01236993427513145
5762.155991760755	6.4285127431936955	20.28054280118772	243.72059843657695	170.87575846877917	195.5865310485632	0.4291315293556909	0.012590240533909728
3701.3048334711484	4.610854621352483	16.04252008643693	211.20827929001317	106.12112595428921	133.97757952018193	0.28312362004974384	0.007589893823053399
4278.698729752229	4.152982634975209	14.60004900945382	166.15217852786935	131.44416392801685	150.66749233418267	0.3187605393782764	0.009520922840624762
6296.449849889681	7.735565921406325	28.09994638472364	375.8553778550074	158.4354387134697	210.23605873517755	0.4718137397762405	0.012301952720637884
4322.635094120296	3.4208584990524065	18.74265891951057	227.48814719474564	113.86471584695346	144.20784704827946	0.3287999106862555	0.008996900910260865
4868.899378579979	3.26022993296511	13.309364380843865	118.81679875154077	149.84846749515575	164.6586010028019	0.35494543821070573	0.011513584078536511
3840.8618167004583	5.464710745796455	13.722352616385448	179.0193877745831	71.64898430221828	116.24961965313673	0.28940143871582114	0.008302252948504136
5617.498059940377	7.26054661337653	24.615324168549233	330.35484303311506	109.27423725486325	178.36513226941088	0.42748907851105905	0.011334057263025887
5427.96055996748	7.795285609233847	17.002635654573943	213.19564122737907	115.33936221191398	172.38851147099277	0.4033104239000007	0.012107111159608087
4344.994609030027	5.644017630772454	17.603777565589198	231.12179930626743	86.55017501589447	140.1431402987548	0.33035273065752313	0.009087638586022106
3585.6106857484037	5.074875498757371	14.773683517151152	199.28468358035283	78.00793224911276	113.72891290484517	0.27390319540515917	0.007430873665334218
6012.876668495572	7.5553154476270645	21.565233264967677	269.59011966092373	150.62909580378744	210.80651545362306	0.44907549060064234	0.01296635589546848
4260.880992257531	3.0992843529770786	18.197974836326075	215.4863186112459	64.97317397289194	157.35872041622125	0.3240463670992535	0.008967221721349318
4966.051291895934	3.7423355535172336	19.42521056604029	224.29630591559925	98.90435271767768	162.80131209063464	0.37384726382415867	0.010701855458505929
3913.4400983350115	1.7741065332010637	18.66296742364413	220.29042572320628	87.83290771970262	134.04434159753964	0.3004045938849694	0.007983807923810008
5144.475580761242	6.2652102176705275	18.25925107083043	225.7711534313407	129.8769111728783	171.5089969123156	0.38512123925686315	0.011192375974067952
3845.653545302863	1.7276622626931921	14.979823656397446	158.27618945081895	110.3817669092434	151.33409913581664	0.28852763600138576	0.008425429366397013
4700.7106578013645	2.8787384119433597	12.828348171396494	111.05580263499589	86.22757925822067	167.33729639539672	0.3428754798563501	0.011114686198401622
3171.8767500284202	2.417028044762873	10.782487712450079	114.95632788802558	75.41172937838664	119.26966383475835	0.23592910834336184	0.007134404755508407
6441.546379734198	7.4172644800845	28.70167157891462	376.9777967271959	119.10750196704163	223.18939738466256	0.4869252966621054	0.012818480148394132
5305.3010567970505	6.265432358603697	15.04036570379247	165.3014006184754	134.66642006587622	201.40941274346778	0.3898926722579686	0.012216902130360554
6172.552950813541	6.618656810090388	27.597593921416248	359.95717027169775	111.32883817944034	180.2591071525417	0.46844937780263257	0.012366769083514858
3735.7091548060903	2.892808177952966	13.39380857301117	147.57479646617682	100.60867906130495	140.05118077948492	0.2791954916424604	0.00827416649319414
5458.389407081857	7.328657740698548	22.224545087337276	292.9968814130453	110.6812865038442	202.48117024801323	0.41328531768447313	0.011317532533227473
4867.259179126707	5.228740663659586	14.817453076259612	164.48461096945425	112.00591266149162	168.72421746895776	0.35950898958423905	0.011091272047894875
5222.66275473238	8.186413735745402	14.037842756874378	170.428091870421	144.25541813076032	202.69844008538288	0.3836501079789514	0.012007645432543863
5765.954334967076	4.565997088136306	22.91363892779469	269.92849243692467	93.45077666994987	177.01007636126172	0.4345443767310698	0.012302937082480155
4955.630533443792	4.316040926923675	23.851414718891203	304.4335809678978	125.62228261868016	175.1574173298298	0.37910557781746346	0.009779017636164164
5865.629028640536	8.540624922082552	16.326629846427764	192.94630874791892	162.321751563739	241.36101323691193	0.4308716375110657	0.01344394157804955
4033.564149057176	2.9167889923838426	17.35068145255393	206.90705028978095	62.89811481074903	135.55452867482182	0.30725564045385	0.008467686392663685
3598.7505172571373	3.0653676142307225	16.80758234342924	211.25444107920544	92.99300746985868	125.96739863233574	0.2766770458501338	0.0072979862773767555
6118.507449711204	6.482579828501753	26.494035944209315	339.2361068267443	124.73298537686334	206.59064064494493	0.46229355392229765	0.012442545577196682
6061.923462375688	3.5135623561509877	20.317714173164887	205.96352394265122	186.941797872157	197.8734201092398	0.44763898644778577	0.013688566726963381
3885.602451013709	5.219428239958913	10.52005705403324	118.51437779833033	86.91627033601529	157.2211881701563	0.2851739075475236	0.008998487245731383
3652.301171439991	4.4901079570489735	13.916064215059816	175.41349912163014	106.0401031954703	135.47563258415087	0.27575246786332064	0.007824287947306953
5985.073306896636	2.7266947283209384	25.93478192045661	296.52778175837807	137.04042372243597	175.20384700185923	0.45069907647028595	0.012465837781522736
4766.429106241049	4.532013574001051	17.652548580413708	208.57986208816013	126.79148090546298	153.63747405451272	0.3574559609182952	0.01036525444325712
3503.5425998603755	1.7405724579666506	13.002530446492605	137.33859214351298	68.57792897901075	109.63269534431295	0.26233337857615135	0.007764217182093603
4350.22491976511	5.5080244156153055	17.95467848264999	234.7572830347834	71.00815671132969	149.385295118751	0.33144333712779267	0.009058807365297444
5308.209872014486	4.881681059587485	18.659841119503348	214.33303682041665	152.27049939530275	165.9241370145026	0.3956989619796951	0.011696098838447595
3842.419003597227	4.2638478441647925	15.874365136669823	201.14254633388222	76.12369652664526	133.66755806458306	0.29233357289659717	0.00806623002891585
4551.844962231167	5.98347988486509	18.61587192450498	245.4960650755462	71.37946417369962	151.06431528369885	0.34661893223603074	0.009481340918536082
4995.415206912696	6.848152130900662	22.750689717383484	312.9789977252449	70.38711788833871	145.53375205011	0.3845601396537258	0.009953779471590696
4957.036293385171	5.188208713614105	15.447278291944718	170.50702693331849	88.54070731644505	192.64600701319247	0.3667109418971606	0.011247919776029913
5444.861138370296	7.02451338974302	18.019152456243642	219.16007420570782	101.59915999049007	206.63017694916937	0.40555202199781015	0.012055780820031985
5758.2341889812515	3.2234242420836625	24.84189313486109	287.77162626202255	133.67639971074118	191.77499131975256	0.4342250243002215	0.011989252510614404
5696.640324955311	6.791447894925019	19.933349186962744	243.38371484300947	142.0648382661054	195.0035126565806	0.42508222979659466	0.012439914549805016
3738.397349753751	3.4003977683717963	15.953569255584457	196.82426855919536	75.23505898415853	126.28269273975924	0.2850842523932681	0.007808465672966773
4848.752010270609	2.168053174139871	20.753967393367187	232.70166869667403	141.62281139838976	170.8982786126995	0.36603658567898184	0.01024599712949051
3616.1071628980044	3.0915782610220193	13.709940403576484	159.04237023410192	79.54059062588489	127.10337217632748	0.2721594749683335	0.00786311786695157
5965.512296828893	6.135742871548936	18.132295571297327	197.4378066248247	132.1297696468823	220.29369920256525	0.4399219518497108	0.013583898317181358
3895.744528269086	4.030601830795736	19.399018016866286	256.34668159894443	92.96346193507722	137.07262714353	0.30186725876443926	0.007619167660115822
5968.732794714991	3.156612474938476	28.934565208512147	349.5702979016017	109.22708370654168	207.4799464909153	0.4540066283057821	0.011864117120621503
5228.378776543691	5.708104804810202	24.031829074997205	313.7767000278746	101.51053162845605	185.5302748956661	0.3996318390045692	0.01047902236445776
3662.3618119329317	3.8990881765882124	14.899673130419309	187.34396135839188	75.08841790028268	112.63480784537933	0.2784728863251438	0.007722706723171398
5264.407113815089	3.704699804984523	15.901405554018812	152.8943335600703	150.1623280379129	215.27240064723088	0.3865750140638053	0.012168288812901842
6594.83813415004	8.937849066849896	28.25384241661472	383.44426176441726	176.2597646552283	216.54616056955058	0.48963985250196146	0.012908038047893661
4168.245378438449	4.1787505103254	16.032213546959582	194.2124039878885	82.371685595263	138.31494896101327	0.3144501510263799	0.008973872459288261
6558.962729744354	7.068397098402484	26.029577840479217	327.7586083755089	167.16872451264595	191.60697513646588	0.4897439963251662	0.013651805372720774
5866.330576917538	5.005258201208327	19.923646749824947	220.05964040899025	102.84671719981333	196.75214947237995	0.4361110450589489	0.01309226588558316
4671.549330035138	4.708472081879147	16.42359755039579	191.60279142409402	132.48377173426698	160.83060010570557	0.34876560561789405	0.01030305273372763
4908.3101352712865	3.155405984521172	13.869095048725631	124.54221968258759	88.72177284616647	186.24001088562014	0.35877544482954943	0.01153270994466132
3594.403441484594	3.9049727112264274	13.777613701733953	168.96772053999007	86.88557590455846	129.49144490721443	0.27131109879016385	0.007731475110528759
4610.543052809479	2.4164096159891817	22.395637313247985	271.72830399198097	106.07717393763653	136.32921197854898	0.35366443312859985	0.00926535272734131
3348.172169678927	3.5241310450901655	12.37815643632541	149.82418310362027	54.461409212650544	105.88978554061634	0.252314053622671	0.007267977300108788
5680.781468601192	6.039610700423645	23.434444463843196	294.78499351087015	87.4082857279104	195.6943605413433	0.43054084792287267	0.011850041016152172
4760.376557303937	3.9314538667663324	20.978738824547843	258.6898350913096	98.48568142274911	150.61051241166135	0.36287238350572104	0.009811370318909468
3968.504125832888	2.4381257647285883	15.574769073079263	174.80183486134445	78.48116801226462	122.36854220398088	0.29902276501306174	0.008614379728925727
3790.2983208601413	2.202863545755173	18.358152597212193	223.7625252623534	96.73707256435331	121.46483830904697	0.29170350105803716	0.007652790317001727
3541.9168003453474	3.621913250291428	11.35325588024919	126.99628261216962	101.40064819043812	126.5516433966161	0.26278309293907076	0.007999968810774367
4552.252035839412	4.985511738087187	17.04952244474975	209.4200656398185	95.84008685345825	143.32094589596826	0.34264863356632597	0.009831762277485341
4982.968803963282	3.874100434876002	16.185969462433803	169.24783767643925	148.2658958022084	182.60121395068023	0.3685553868890581	0.011294022926372299
4775.581129328344	3.290512279583744	17.389880373790643	190.41583056495267	109.65482617306394	161.05936423002063	0.35690529199696763	0.01054038708653569
4838.486082539583	3.5662701800516414	17.78598710639508	196.875911477242	113.42013278815193	179.95289754080204	0.36186353729944637	0.010630802105721517
6492.196008279834	4.1170286602461115	26.138210749810373	297.46559488400715	128.6307512070171	223.89554826740218	0.4862613439429456	0.013809561829184653
4248.959399377851	3.7696360876143795	15.929099702675908	184.8286113323946	120.36052443444362	155.4463862409829	0.31888140769502227	0.009251491866306954
5264.544080659405	5.11585366831101	23.54290789499488	300.83003748571167	98.58697100481116	155.4328379511551	0.40165933556663413	0.01070339739375404
6047.652398456231	3.355441995079258	24.616264969147558	275.34102649617085	156.1173197511198	224.32868004655253	0.45243947574457377	0.012863715019824539
5263.010980180648	4.538783705380421	14.174642952732471	132.77966667000229	97.10989679338266	215.41649689702396	0.3840674208021953	0.012385225867564617
5390.885654785425	6.12865622668866	16.09693024338853	181.36446749375403	155.17457941886488	174.35223916240346	0.39743211644796	0.012304111013190459
3805.7563369242985	1.708869580262625	15.577232722753829	171.54298379071193	100.92476570690147	120.47418499983526	0.2872822131198245	0.008210642088561532
5917.49898791817	8.498689515252698	15.774630710759219	185.3559044999573	115.72036322535295	198.5354239504657	0.4342765395979963	0.013669743704333139
3474.7784871284234	4.936089014067319	12.004513462157542	154.1260821115544	66.0921903061336	116.05873041331954	0.2609047972546313	0.007590417590646225
5577.075258504451	7.559064753690064	21.94278730148745	290.63986211727075	150.79360413655112	164.52674580028557	0.41998421443153977	0.011649848876713328
5450.661013391093	7.512353974637077	15.395548738812492	180.27967917900781	148.86538197871172	202.99705557048955	0.400985920666989	0.012486779665287377
4341.766415120773	3.674661691819623	21.133231375664476	269.08131753266423	66.17290542568287	151.78717605156913	0.33521282920250234	0.008659855334074481
6106.6016465349885	8.58546988591474	21.41449221863526	274.06847797173856	143.46111899831385	224.74330574107518	0.45570623216784334	0.013214473336210576
5616.749967409281	4.153897696432572	25.877246360613306	318.66544403155143	93.03609659004702	186.45027505735177	0.42824589017673936	0.011393131309899652
5932.012829000203	7.696738887796366	19.67260055683179	241.75245251203023	120.45773009035541	202.57629143174452	0.4415753378454734	0.013098176263771435
3775.9828094756	2.854695131873454	16.478026667035753	199.6978827931679	89.99794669504325	116.86146287121406	0.2880733864855877	0.007870654852432738
3761.2970620917285	5.7725993193025715	11.403607074645008	143.09297600518968	74.11591563209898	146.7085798429633	0.2793212478027157	0.00844286429811848
4736.348368843962	3.7238230912664525	18.74761866925659	218.11611455026934	108.30142811184098	169.53944175480183	0.3569033566239516	0.010160772911343948
5980.874632074221	4.08340637350771	27.566377800776817	335.4124476606189	120.07847635052686	214.5301366801199	0.4531765769587518	0.012032350423167967
5390.164572534662	8.281619546795978	16.857810532642446	214.86878132042196	131.93765176429415	197.04883855762023	0.40037637631240885	0.011989151436944357
4288.171092386918	3.8085735273812764	16.784011388080277	199.98085010169873	98.40984556184942	138.2431742175656	0.3236836919920679	0.009199208537684887
6328.405717199703	8.501281899663478	25.067272213643513	332.0388352223633	118.8591470519604	187.08775688286843	0.47676238286996886	0.01316535530629871
4676.210727978694	6.771664839243144	15.156198088018016	191.94091162471753	98.91156723840577	159.0553918514304	0.348809851809732	0.010347370656292815
3698.4741459305706	2.1187184753545205	13.915314765881059	149.27828183318937	94.02494459914047	138.9265994872317	0.2771295745664305	0.008145868625016204
5694.708258908752	6.376685714592238	22.51705241613075	281.8613524694326	137.0718718450474	205.66812520155227	0.42830952371578407	0.011995157017402905
5819.595509223242	3.1075589564992243	20.326924213323466	208.3301331271855	100.17540269487037	195.10434417731895	0.4324658287711871	0.013037840379739988
3645.900704053591	3.2272854474731494	16.75283182816549	210.61634237340604	66.74503130519709	128.2965736142359	0.2802276834748454	0.0074351845860635285
3588.797473365565	4.717239989614338	9.51395321135436	105.59134957987082	100.40228278017253	138.01103057953284	0.2630643006783241	0.008343044243152643
5761.024928004639	4.816010103916093	18.186873431788758	190.05634481959382	142.94586376006458	216.5207439169392	0.4250800545437344	0.013105561191814377
4048.732561741936	3.5613879027092366	17.344354047056985	213.27637150199715	107.68780508318932	133.99167318294255	0.3081815162650672	0.008442534775363048
5133.559293900695	2.148001312511447	24.174051645328884	283.9698770722928	100.19255775600845	155.15156965592968	0.39184210779845025	0.010463411304354246
4130.229495898657	6.201085552841167	14.70247303506295	194.75991917342077	121.60418366519173	127.18907247416952	0.31072784388084446	0.008909529722811612
5391.278406111601	2.8120010592503117	25.187473492938622	301.78344656090206	139.22241498607386	154.90190377001278	0.4092171252993121	0.010879497565192821
3844.220003708031	2.5724620302054317	15.840054143949725	184.34270206578628	86.64845514800277	116.47310766270975	0.29137180005175217	0.008190922621240838
5755.455627197808	6.8432837527843615	20.467599289351632	252.13121917375096	157.3922952669661	186.36726997423423	0.42965967713323605	0.012491938855256696
4245.073316566746	2.989907781714371	14.469399398499315	152.0229854493698	99.5854034343969	159.83943300743715	0.3155720257312734	0.00953649447765232
4465.347172924725	6.101852778722078	20.291283302135376	278.20560735017256	118.8649519833407	137.9409512135634	0.34253545478771635	0.008898230198337841
5005.183478652594	2.3074277285257976	22.6991362481617	262.9641539665606	81.50048479146905	167.73976686437632	0.38135165665199466	0.01038180384264363
3863.506039964653	4.956743159304449	10.66227017984648	118.62857352042414	113.18283360089897	158.83079859442668	0.28379743107060507	0.008925203249924142
5816.075372158771	4.758133580502324	25.234857322836824	308.64011071382924	155.1821978164467	199.1390466332213	0.4378770494773018	0.01190576112823135
3707.8316040306754	5.04964199040784	16.96955410946362	232.2116448040153	97.66372092722087	119.79774566830552	0.2857630031239154	0.007413940342704187
5253.786500249924	3.2750800816895547	25.27681405631153	308.6438809376856	93.1335488743002	187.89032175947636	0.40215944660302105	0.010535688991317566
3328.7173814356734	3.5355494616849144	9.069632138228615	92.98540124470121	75.40890178395038	131.74768397931183	0.24377990994907361	0.007770446739052325
5995.263935536893	7.100158146979625	17.91827787752916	202.30015538898638	139.10390833700657	229.49057400220076	0.441821912444401	0.013651659503771084
5281.651332854827	6.82438091752547	17.70110323625783	218.91001488474922	86.23996906238727	168.77990904197887	0.3945101051228223	0.011643579845564179
4741.471453655448	3.6477255539674167	12.874888470098522	119.67494279741231	85.22206482558437	156.6400239735255	0.3463391401532932	0.011166893748196561
3510.150377502825	5.261057495276196	11.67853295349901	149.44972173706256	87.7396330596625	136.955993712617	0.26247185814548224	0.007732761365259898
3350.9924073649163	2.662410527192079	13.180465853701158	152.48745292897013	87.48855028866036	127.16414336727209	0.25288402562759954	0.007229843607759674
6310.8455370860265	2.9695953005323097	25.367979171424167	279.051519680162	97.87131420811691	196.67627740961711	0.4740689329427499	0.013550602656133906
3527.8058271022587	3.465248768413359	16.612901447336913	213.88250736245055	74.0242475090316	126.12046174353593	0.27196665707398704	0.007111895484834443
3940.579253434227	4.1841673092090135	10.774278192649014	110.38300569372012	117.09739201261392	158.92038846640745	0.2884141706011815	0.00920159457808921
6282.6947192936905	6.702071590028385	21.595138411466614	252.32371335628434	183.89026070434727	236.35397241213974	0.4659063100532069	0.013799889657056922
4283.51475756668	5.944894490209436	12.936208403618279	157.18374210867725	74.03069195892377	146.1995292658682	0.31759162715407013	0.009670412204155581
4186.9931180141675	3.838050558983233	13.917402523520698	154.38405344422205	129.0160257377877	142.42260669237228	0.31107442753765097	0.009404406849068295
3862.1278702875197	4.908203748030078	11.883036937764825	139.22199404116182	112.32735397953577	150.35573150256903	0.2861544467238806	0.008724868625144641
4157.866660994051	3.520483104872892	18.27947839578521	225.0880381558122	115.3824313428918	143.03051330349334	0.31696082429724404	0.008592042822495346
3301.8738293044776	2.5181776385821273	13.605502815087727	161.52073585183646	90.11585528182226	99.01680407531104	0.2504640402956421	0.007032146879565591
3627.9714693540445	3.5202696682510686	9.676644728642737	94.48744257885484	68.21510964272888	143.14909658982285	0.26515188802228856	0.008516681212970636
3565.4382539381704	5.040499150198269	10.187548386949933	122.25115929431261	79.32029503048332	120.09409724336687	0.26341909129441715	0.008130588166251658
3559.347634002351	4.630429637744545	11.581268689947699	140.4618526691409	101.42457242125693	131.47175538291003	0.26512849153145385	0.007934978349890867
6657.668970894614	9.253721108273668	27.413745856831028	369.3567717941955	98.45529111380509	208.57076527980965	0.5035654567307806	0.013612397898626243
6091.171288200809	5.550030632338513	25.341301849372158	310.29938542716974	142.34611654997343	213.49291597505518	0.45785785840556686	0.012647046819813984
7048.94028530235	9.04502672346725	31.38149464851852	423.977857846359	133.11476250267387	230.00179211805712	0.5275136506739807	0.013744351207336893
5552.24780173986	7.218045103988595	24.840961328978054	334.03395244057805	102.27206274006217	195.8286138361467	0.4235375237542578	0.011117799204067252
5166.7624507750015	2.5578362951623372	24.307582265227516	287.6826959459289	121.36139600955778	182.65475376101597	0.3933382628345152	0.010472821186589227
4681.978781993338	6.9771037385868375	13.192774097230261	159.65878270793849	109.65053132723183	176.91521525846042	0.345297204436742	0.010682948579910617
5954.83293926621	7.143714143845038	24.503254955073523	315.4213565078538	128.00834220826104	221.1386567352414	0.4489803213944365	0.012319994885206405
3512.6666072271687	1.7687766247435732	9.778231394017736	82.68473344015432	102.4651132749736	117.41774527080102	0.2562727577510935	0.00831565257478198
4844.035382296311	4.806472644693498	17.089695329640204	199.9832537215363	134.39685948046264	153.12177119741528	0.36174542954379607	0.010669516881901256
3987.0584036258374	3.2003692947131497	17.81137795238593	219.34284325442687	86.39916326689239	127.97787375109503	0.3048062971182314	0.008236348203912777
4952.727734263423	3.7217188545092954	19.45924093971986	223.02639512961167	137.93866710101844	188.47607244088243	0.37196726066906977	0.010657023935786195
3617.673065744891	4.658845875442622	10.585017957532209	122.40727418431135	111.85075183913781	133.86943905007737	0.26703437825784054	0.008262827226301207
6588.7164574827175	8.007678822518825	28.46636136506073	377.32624582879816	162.5648003937817	211.0971759976919	0.4917408771521628	0.013041986379278461
5940.813209857265	5.146723229693942	27.445502013582264	347.9042122882945	100.2249525809378	179.08245776150366	0.4525883812348314	0.0119021429037253
5690.287143802417	4.845916247648503	21.81744539099583	255.66387803921577	124.63567502670114	186.3327496233035	0.42680429986046037	0.012248978971526072
4306.064346344051	3.3272710048369416	11.92039259052159	111.0121131998065	77.21400241088467	163.26479234696183	0.3148466893510055	0.010109123041129757
5116.863787518662	5.809842954535949	15.889042797775966	179.74652564194784	88.68014480450417	200.05247800265704	0.37879813294743875	0.011575959627332131
5519.959754973009	4.329377411934167	16.379232959012107	160.11374418364665	125.80301843415783	225.92205729237017	0.405310817531916	0.012762313924997302
5473.600664100813	2.8509088888092933	14.849170433119557	119.96925007610076	171.28422274538687	225.65595276409928	0.39766411207719143	0.013030582558390413
3486.031448676875	3.2283506084029696	15.212494705112071	189.54695773018685	83.80161934717734	119.30296512823102	0.26632376291138365	0.00724011325251732
5323.551067561377	6.000757432467407	23.102007261255117	299.19046511311785	114.68875953056695	180.98614859438626	0.40462577826158885	0.010865623708269748
5800.149447369035	9.147561347503402	16.484216580141055	207.79135413661345	134.05508036952227	186.78465302792188	0.42797921779452586	0.013167219655921467
3576.4158068236643	4.682898252969988	11.457721232747213	139.75676672084288	64.77839034836603	116.45624792411316	0.2664768342118567	0.007986179277810793
3588.6403752085553	4.124584569039132	17.77807495755015	240.6287777139779	92.78513424046086	101.15057613007912	0.27859108126692694	0.007021575749988295
6168.996232250536	8.536163615188242	19.872457882539184	245.27691056872158	148.4643073254568	234.2884513501653	0.45755624593580063	0.013678979272410522
4270.270156094277	3.5213445108063337	13.72057729162102	143.36982456806064	127.75057117278526	171.89922455016605	0.31584258932072523	0.00970235517544342
4578.721749493395	5.500875105760839	12.478331095490615	133.88903851372382	124.31994749910491	190.12490758981963	0.335506944040627	0.010637149643257638
6600.206517415563	7.373487441956157	28.904284323478546	378.94370553118523	148.88867638203175	192.4452319563591	0.49461461658095346	0.013103511790311738
5795.350768811459	4.571585388463356	20.42737181988231	225.82868831462778	156.28495802857265	197.31628833116486	0.43086310041523074	0.012818577424532938
3096.581074637209	3.0245505160870545	8.584226685495839	87.5705967060814	51.68551841525901	105.54450221880265	0.22714007439238962	0.007216040518491733
3786.775217179076	2.402540612248657	16.38058513746193	191.59008020108183	61.9986797900731	135.70958011962804	0.28831174709740187	0.007972914397053539
5976.989145012343	5.199807682894393	26.890354701165155	337.63159084518816	133.20305990266013	190.3877791126501	0.4518757466095236	0.012043301151609821
5383.364772982089	3.424358856925227	20.24110250237435	221.03949249699565	117.91242455452758	200.60959107595355	0.4025957557770223	0.011778361001689145
3821.355501202277	3.5938715686085545	16.665640109508672	209.66875118446885	72.64807421235425	112.35858326087538	0.29220563370373676	0.007919277479862943
6406.558902531874	3.1046636537311003	25.948659055181285	287.90276475772225	164.425099313134	202.7198400800184	0.47819115616250607	0.013596502506575982
4689.644240504983	5.771980234482759	20.475571555289868	270.521619847291	104.2593388894064	158.95031977627457	0.35817065008161114	0.009544983198244468
5405.475354106829	3.7262530431476035	24.542478135786084	299.1085348499905	129.27624036649777	165.62945065178536	0.41038703971911855	0.010985146626048981
3538.87829870449	1.9663935428148174	13.984138016770087	153.12616650775354	98.09565999819482	136.7965103411502	0.2664620300096312	0.007685224940718895
5109.980642757597	4.19116680456394	18.53555523316629	209.3769223864205	153.55075021702257	175.53949640055149	0.38145944315214864	0.011212730798765653
4423.391967297569	4.170285284243016	17.749553390598813	216.224487460585	93.66745940944038	140.79397788769663	0.3347289428991527	0.009406233670902134
5384.07766200168	6.3340824433515825	24.010012303209027	317.8567768688053	102.47425278870026	160.15677613058935	0.41079830481694624	0.010867329012808638
6073.283973862767	4.645153198914699	22.814283558406306	258.95313115195813	151.01712290268293	208.34746446741408	0.4533100040782883	0.013149798844052214
3770.9004148650984	3.46300611762749	17.64029586372547	225.10965707524824	98.32209529882321	124.22323901041965	0.29006810623030654	0.007607077011028739
4742.064399332834	5.143234405202322	16.663313882660812	196.64370098133392	137.7376653867653	182.83598686291276	0.3539973657532407	0.010431262361369285
3476.3114134742336	4.561585133619197	14.354716482871853	188.44162347649618	79.9856381769226	130.0829336179114	0.26506914769206347	0.007242482130647764
4964.118948517633	2.490237790962691	22.040729180308833	255.2902109013374	96.17136068026674	162.529397644805	0.3772122871266266	0.010354915270347653
6374.934785210602	4.8828545472371285	24.416235199104655	281.15855564839154	164.0050352084114	203.04206863554194	0.4753002776374269	0.01369426476649634
3351.2546890588633	3.315198000289052	13.733510354690285	170.52113655393103	57.4008974236773	102.21210308938588	0.25502363670799477	0.007075975804953744
5428.396611634651	2.5128053412451403	25.228007244621683	298.2943389072586	146.09621739499812	156.455864393482	0.41125317174131576	0.011001656690450771
6580.179925222996	5.963355142131324	29.335487548546332	370.3456582603066	111.69285960442387	201.96540803150666	0.4974292729652621	0.013273463232055114
5980.962474724182	5.079392937394815	18.11155575339975	185.95877682911305	174.79283582609247	214.55367170245128	0.4395744701609093	0.01373515720168994
4196.241019697457	3.6704555353932515	19.413291143519004	246.34847112335544	66.49294369495487	120.75922765027538	0.32278566303053463	0.008512932160347562
3934.033287830882	4.679175751258284	19.21065050904646	259.3449618678905	102.71805938729335	130.35165855780906	0.3042269147934886	0.0077195378384713855
4148.884961966619	5.093072905402852	14.888977211718673	183.7397853915587	98.21058676026914	156.27065679407653	0.31152944713285763	0.009022094636798924
4864.577105935323	5.39311062599577	18.429113950064444	227.86880299577024	86.16569531869618	155.61532376159485	0.3666122778403196	0.010456152276369944
4831.474658412835	2.713688090827612	19.932066329451388	226.49337020699733	138.27928944902087	151.3825028069979	0.3642336034096405	0.010295611517867651
