4435.15010280222	3.5190446608913892	14.749739979517818	158.48829959155663	89.11172244215464	144.95487260958873	0.32937427701411587	0.01
5065.593318900424	5.544616046257504	24.146604324443192	319.20211865275604	93.07792007438316	172.6486626632365	0.3892359135176807	0.01
4265.9890082406255	2.331841342815771	12.446584105166828	110.8021484345309	108.0303773021984	157.18105560307083	0.31224552849088777	0.01
4289.481916576993	2.55259795389168	12.747516923332693	117.22645781675726	130.47684460037308	161.052845484749	0.3145102588032291	0.01
4579.867669743181	3.6164617998350232	17.194998848475734	195.12896341190887	134.35550642078437	166.1292668755641	0.3430677483198213	0.01
5002.832639903594	5.5748087027116995	22.885274387581106	301.5211772310929	135.9410244437385	153.83450885461133	0.3814175400223208	0.01
4654.296849102623	3.9051711549752106	18.263134247335877	214.09207056567513	74.10123076393154	168.02548540307538	0.3512147919301455	0.01
5026.771224318667	4.777751389896148	24.125985487442247	311.2573963094057	72.63676557482927	178.36096146504983	0.38693884725185945	0.01
5042.13845966747	4.979966281895272	23.764774144568054	310.0506189537588	127.94943957921576	142.55644474547734	0.3853223178016107	0.01
5051.8517509868525	4.448782207528553	24.654364392360133	317.33418850489215	71.9671058024231	162.39744188536397	0.3894778928345836	0.01
4865.850868121814	4.984877429991992	21.257486537684027	271.2131596990314	87.05276519585715	154.53232385218809	0.3713189062305935	0.01
4430.701539797449	4.6326343215372425	14.139003272932136	159.7752361287751	139.2724954265985	146.78942233964045	0.3284109234024153	0.01
4499.714631552012	6.59905299651085	14.306194089268862	181.72122328116515	113.2051754662701	141.72731608390927	0.3351788583426413	0.01
4828.5094206617705	3.578706819903331	21.146956213963357	256.1712310395885	118.39675441161789	149.98867864494102	0.36693066982680383	0.01
5089.311150754227	6.58532885656248	23.57112074678088	320.98808908345495	138.10902584600012	160.9668411664651	0.38840738268232317	0.01
4648.514634415646	2.8916242639214933	18.724493461711656	210.5187037898663	83.45785011706899	179.10127554972505	0.3505490774826271	0.01
4801.448176985462	3.1172132218898696	20.950334982331277	249.4544902712646	121.24519110323185	140.55479737029512	0.36447210247689626	0.01
5038.387892829631	4.788595368176121	23.71288073674085	305.51144472855697	125.75229434309513	166.8577052921837	0.3849339218205433	0.01
4804.214241846086	4.897626823899256	20.291444784177106	256.18105341434756	100.99305587276415	147.39027575303055	0.3651067792728458	0.01
4372.876937792853	3.5815688066436917	13.648708237499083	141.73048435819265	135.751788841988	151.3955962038558	0.3227953624194578	0.01
4324.604383389702	6.158865880188261	11.619192376515903	134.27960019482205	106.08307997685692	171.86543422587593	0.31742991439937884	0.01
5015.286424312562	6.8907890645007726	22.584374796661997	309.2693768228742	108.9975275667727	158.9588381961478	0.3838406229033619	0.01
4599.759394113085	3.1351915657296168	17.706913078735262	200.14224198350442	125.99590043426385	141.31182919451146	0.3453532389523853	0.01
4518.051790722908	4.738488578580604	15.655529242973202	181.99474499667215	137.49062789280114	173.0426539594237	0.3368260177289238	0.01
4854.357726746494	6.377053635223172	20.36750461552058	269.97872182740133	91.89771957336957	168.25287890846135	0.3697950851375648	0.01
4802.500322282588	6.738547241114085	19.306645263981316	259.14902378514324	99.21980805427751	143.23815090215112	0.3648121069432659	0.01
4817.863710610228	2.5699439694631927	21.53232349845353	251.7893835468003	116.05583488707161	157.61231243611886	0.36606675934359606	0.01
4715.165094012003	2.5940616691647986	19.85462583747118	227.32295033615733	88.99860802860373	145.7296689039937	0.35722112371148473	0.01
4646.353336849647	3.380388654460933	18.348429899668073	210.64275442461405	127.49968064730548	162.87100092455375	0.3495982629292928	0.01
4970.0292438766	6.930549749767796	21.744939440384538	296.63297095969557	139.59177355248522	160.88937285159108	0.37832359332712234	0.01
5010.043733462392	4.731219838899719	23.6859522218207	306.3011777889945	93.71219146041226	147.55585805181215	0.3844602177859446	0.01
4523.091934190469	4.59327332270751	15.715405051045094	183.85062741119324	71.46685123862295	142.30580966746172	0.33821769174060123	0.01
4558.106818816797	2.3879414057687542	17.361643390404662	186.32548803345787	107.48443402523606	158.11602509051846	0.34153687271669747	0.01
4629.919073570761	6.054132674449197	16.837983476998463	213.95928349759706	75.6917013497642	157.16055544856647	0.3485113800749907	0.01
4763.626445355556	6.091334548335982	19.071215864868826	247.09066221372515	115.94387154879806	173.45141762552862	0.36053833135604285	0.01
4507.124299277208	4.395697419836456	15.526805095212447	176.8119535739146	129.1120772792036	170.82971256154934	0.33590191569837247	0.01
4389.1786723280775	2.9855175249666672	14.233062314285094	142.87583791450461	76.68283095582214	178.21870429544003	0.32465027533903346	0.01
4760.408913756653	3.371218981228321	20.2268031720617	240.6042882215219	114.3051547963286	144.8002598419565	0.36080376078690285	0.01
4459.080173568216	4.462425120653942	14.73136076867713	165.2351875849348	131.20893102070383	172.424429449891	0.33112196946414046	0.01
4947.981196339802	4.779113099415913	22.693291583462315	289.3945536278065	82.96553527427771	177.2684942975559	0.379051988938909	0.01
4374.687371144226	2.972267434110257	14.004249682589025	140.3294791039847	112.34387461138995	163.80438207089912	0.32310424596451615	0.01
4362.998982894778	2.013706374422709	14.203254325729167	134.66130862339443	126.5740668853913	154.27730538299488	0.32209036481393183	0.01
4842.389697885124	6.163549175256703	20.206779326418182	266.5526454276921	110.77501412445947	153.2307410180969	0.3681873960305997	0.01
4959.879504711535	3.550879919154352	23.172865810045103	287.1763603413244	127.60860110740406	144.22896563991193	0.37833374414026855	0.01
5074.9109510554845	6.020752881959464	23.917796259474144	320.6562121901737	106.79304589963505	166.37321122559806	0.3892085271548618	0.01
4983.081943170604	6.1605235122799105	22.419975343123834	298.38972638751505	126.0317947233525	176.99181763237794	0.38001694829161214	0.01
4385.6883021399135	2.6080707019903873	14.326773046981147	142.60386720493463	83.91334168547425	152.1037517907017	0.3245079017446358	0.01
4813.674973085273	5.890055773592248	19.962986448705294	260.90208520103107	83.34885073108748	145.15142359776888	0.3664282036841539	0.01
4505.899644699114	2.9491957902848176	16.22609374444007	174.8301564154579	136.6927435635539	152.9066017829401	0.3360539227185697	0.01
4630.2950111913215	3.1492056196797376	18.210095088845474	207.91969248235873	90.18939518377822	142.09501305382477	0.3488764451744063	0.01
4404.8659581540305	3.895947271756633	14.033124482236522	151.5558602882406	78.34257119495722	140.44440292900165	0.32633732344343996	0.01
4399.565470563516	2.793189335609082	14.5203452365947	145.55395616030108	101.15464347904826	175.86883782357626	0.32561717724934564	0.01
4902.657798231829	2.2681441648029725	23.070190769723517	272.0736898918961	93.95937850009318	160.98481987931817	0.37473440527489876	0.01
4413.1382430572085	2.5137896488356275	14.829369074574474	149.5620545697731	101.22651928104538	149.0513944786083	0.3272221453570342	0.01
4384.937379079121	2.8263895574215496	14.224558942164354	143.80159562982686	138.5381616573177	143.21732757177907	0.32417258069361987	0.01
4556.502938645952	2.7492949718456487	17.14385190282955	186.6357266370615	99.2059597050618	156.383468656847	0.34144153039984765	0.01
4419.94878664447	3.414543102520076	14.512862478526564	151.31157915065194	88.68237408449832	177.7648104071137	0.3276281028462837	0.01
4518.163648866448	2.3591417620883335	16.7493974269348	176.47707679789661	107.29442577426147	161.57591198449282	0.3375849531601353	0.01
4958.487805086013	4.147228648594836	23.12223312943128	290.7651084151115	88.9447559010169	164.78470261631918	0.3799062569312129	0.01
4439.800014653181	3.7755600240893763	14.779534876870805	159.65139388703489	139.82600255955666	168.22960876542066	0.32928928643377003	0.01
4514.417067784319	5.224569621793726	15.267033079789229	182.60748556062373	97.65750231079294	148.67113511478928	0.3369481032798921	0.01
4526.338718767574	4.7591416287856205	15.700694944169353	184.9636691145191	102.64128346404874	145.46306257058353	0.33818414864783136	0.01
4901.46245053431	3.9323448627883435	22.153267432407997	275.10490955851685	126.18122173408004	147.81731485236372	0.3732128456723498	0.01
5042.2364537501835	6.327638823265722	23.293039072276056	315.3163930853982	101.97836678933099	150.43449692549856	0.3867363251465562	0.01
4642.189504170593	4.212669657451762	17.824575411446613	211.4043257229171	136.38352501322157	153.0567165908147	0.34902099853547197	0.01
4666.485270512506	3.2528187680850977	18.722257712982696	215.59339715944623	119.13162714248861	156.3947033168978	0.3517377728514791	0.01
4380.668044439819	3.583840490181567	13.72877002075608	142.86962926632052	90.6161468682499	152.959648826784	0.3237846096539371	0.01
4816.1721038964615	2.2885002520910467	21.780136445587132	253.5439936119225	77.75050609307796	149.91874642285998	0.3672787411101175	0.01
4592.483629654312	3.7277817317543005	17.316599857249336	198.80504874930597	124.85665619272964	156.1309355127814	0.3444764546920142	0.01
4494.844592697872	4.343119617229377	15.346625801054927	173.49815266517845	102.59810391147069	171.96024972831293	0.33492751484722494	0.01
4239.110469832231	2.6899374898647954	11.787443632658604	102.47212283255044	127.51170314414384	179.20904346779173	0.30923844109586063	0.01
4418.6801831309085	3.387486995130747	14.480385325391309	151.8890655978472	105.56397210512964	159.83864265536175	0.32752756247622083	0.01
4341.799677505623	3.667855098042756	13.091048543406036	133.43680782962016	111.97081547256569	160.06326111217913	0.3196862036075988	0.01
5057.280956309757	5.772750685364292	23.56881185619523	314.05164438218645	131.3388394325097	150.21231584061644	0.3862998130308697	0.01
4800.61848701746	3.0871312091898258	21.048619579366886	248.94453413241956	107.07576633884186	164.14001425787995	0.3646555709834341	0.01
4440.001761030864	5.3511316103768864	13.913057357507395	163.09605372803512	133.8862782465772	149.1317550789688	0.32923764672138855	0.01
4489.962768056618	3.392339919409409	15.694943414250984	172.00145575459044	83.93370650565258	140.35088471221098	0.3349870308412724	0.01
4589.029339872904	5.296337017989427	16.49528531753986	199.71880140099043	107.43720589849521	179.02082513412205	0.3439860233782213	0.01
4642.67329084817	4.576061504369084	17.680472099889155	211.75888893436746	124.60483235704712	166.0343856790931	0.3491232044317286	0.01
5029.838683835676	5.661295373929887	23.517024107230874	310.2174075487832	100.75849543328754	179.391654981576	0.38551146056071256	0.01
4342.6355158858105	3.1021205309939655	13.386114910567722	132.4275358622219	93.356748629864	160.53659515540937	0.3199413111115568	0.01
5070.313514248412	4.412003289485384	24.732471002614428	316.77806125131764	102.01534610759708	178.7482891234768	0.38910672085079895	0.01
4738.733752763821	2.1287461271262735	20.428937293914792	229.62918401403792	125.31263282309781	170.752239906049	0.3584185206290111	0.01
5078.843180425217	6.125990313346068	23.82142672459527	321.81884421805114	113.69975070592366	143.93624319475367	0.38928952450429294	0.01
5093.526729047939	4.858275325890761	24.511460385807023	318.6405207881284	134.71405659067537	162.88442211522232	0.38898080111783945	0.01
4832.790378173103	2.9735847918206995	21.539780562187595	255.7732645452611	117.94191175165814	157.5239759540449	0.3673338828743666	0.01
5038.728720001248	4.269639986505744	24.552606794488597	314.02592997778294	71.45093125326343	163.1162966908209	0.38829951858464423	0.01
4462.389792405949	4.497998349767619	14.721997991358423	165.4260689699593	76.4086597223	172.9652408895942	0.33184700858767624	0.01
4597.412338405857	2.525438191563788	17.901558419540777	196.3117279288634	101.1286851028232	152.19635164755013	0.3454994843274842	0.01
4715.404753846303	2.0082241614768335	20.174270431575746	224.16931386538843	115.51454988887315	176.87553638454523	0.35644838575701815	0.01
4910.440664534634	2.2038648300670127	23.24600925803383	275.2338367347769	84.02213388317192	146.65969915602489	0.3760144463558009	0.01
4816.0216020254	3.817461359229943	21.02066003321691	254.85100081040972	77.8737935084551	174.33940394710098	0.36687450757566537	0.01
4713.131833050461	2.9382899979931922	19.599283579665585	225.29214481319426	129.53027650113452	164.19128470760728	0.3558955029156101	0.01
4709.884135023191	4.763916757786441	18.791664489065894	229.90510174679	114.1982826797561	175.0709599188494	0.3556427253739986	0.01
4989.987868217547	2.5404941749200183	24.222104847007927	292.12174871322554	117.13513564905547	162.46785114041637	0.3814090384475701	0.01
4401.14828141559	4.673007134436665	13.689392828087215	151.77468368751545	139.97847584215958	167.51783729971666	0.32530761644400563	0.01
4437.817791851663	5.518882506732506	13.830053562308295	161.25624841777494	112.79911523007688	178.64135083775392	0.32891181375498246	0.01
4281.828364010674	3.719559056341043	11.97395947125427	117.7199267059452	129.57655715055643	148.30454541971415	0.31361584350371724	0.01
5029.895512008823	4.23487917702338	24.06159790775437	304.9694632044879	103.25366871706287	175.82563527429392	0.38549997217830195	0.01
4936.797026972932	6.642037616506868	21.683159692982713	293.63071677531093	78.33413996459174	154.97940840481166	0.3781704277875955	0.01
4436.47429138129	2.6380057354052675	15.124802621308369	155.88813347266128	107.78218053977486	140.5854733574688	0.32956119193512473	0.01
4959.099375881635	3.1110382111192814	23.204645764209726	281.8196744731328	137.84127538750448	163.2718091442607	0.37760728847701386	0.01
4859.024346688277	2.1980210191266862	22.389460708640854	261.63628010441676	102.61295407051341	152.85238358696245	0.37041765134418253	0.01
4440.978666588836	4.532348467007065	14.330530303245414	161.86068405129797	116.86843445285551	145.07430595562917	0.32960563871405957	0.01
4869.641969808062	2.6333846046461504	22.292389070839082	264.60621817612355	107.49150399598781	148.99492079549742	0.371194168884886	0.01
4482.475599364605	4.791842564212412	14.873806496082405	171.93534730099054	105.90562278108604	154.47718871244692	0.3337193843879531	0.01
4382.522473618513	2.821741278913043	14.180445342014174	143.02321331219983	127.46639099505109	144.109061576996	0.32398221125844184	0.01
4263.017059110169	3.93631524538326	11.54545684417981	112.03330239923477	100.44789352666838	165.23774354840174	0.31160635708218515	0.01
4632.185470168779	4.359983632983997	17.57483262719171	209.90200911978997	127.93449321558805	141.45870745780132	0.3482776332434564	0.01
4277.770007930704	2.620796333886535	12.47484362845098	113.80347488070825	94.87291877803462	160.26960951921973	0.31340849337411353	0.01
4872.688521534363	6.138420139204954	20.719844796038878	273.53435542386933	103.28906019975909	161.2467886211178	0.3711933598221654	0.01
4979.320860993194	4.699155862064584	23.099375789638227	295.10511770978235	99.58541486594662	172.11327449706232	0.38116945805498276	0.01
4969.25289932484	3.6944708225548073	23.2151566951444	289.17174850154214	130.50955812023255	144.27165723592353	0.3789902729118274	0.01
4357.58043470275	3.8167448695933284	13.252304688207476	138.47292061242086	126.7827347769106	144.74467331129205	0.32130431566704093	0.01
4471.45053688599	4.187694146149414	15.04135318648926	167.55270648372397	95.46792638619756	169.34791375100573	0.3326927812297632	0.01
4331.146970368577	4.373707106834318	12.500111177822221	131.83952978160508	94.5886068988061	152.46974686804887	0.31859282472059197	0.01
4965.903839173094	3.198227996318284	23.55878443231839	289.72182809784726	108.84074348295151	144.57764018465855	0.379832346392723	0.01
5119.395433388779	5.852111858846613	24.43365322305567	325.74613027045234	131.0906141064582	179.20284070703917	0.3911987273425661	0.01
4574.603918801388	3.524482906364975	17.119465670651152	194.60669582595943	126.23703963186465	145.97911455887478	0.3428303318088895	0.01
4917.245942684931	6.253943466921305	21.584324593449725	286.6178762537005	89.20787832027611	178.74881369901192	0.3757356875082235	0.01
4749.931876176278	6.383708183790179	18.68672355133466	245.46002177235306	105.13705371992496	154.69482715752483	0.3596176092044223	0.01
4986.503396325852	3.529151837520935	23.697905906012622	292.5939571628814	116.91531084686883	176.37347730529154	0.3809432378184918	0.01
5126.766378095241	5.958921640560737	24.66377556036379	332.8411526761883	105.3042677020638	146.71133544381414	0.3939773105442667	0.01
4670.511573587977	5.690910547421348	17.690464442687638	222.30368137246097	115.49759078017702	171.76144736684694	0.3517650753385518	0.01
4693.730632403142	2.3917309091357133	19.560852240535745	220.8820453319522	122.54865692704237	145.22446818680325	0.35444130844957195	0.01
4842.373791004862	5.452509642353466	20.537543863886498	263.3751984192928	132.63699835777535	171.1567065410656	0.36737825487528214	0.01
4977.040198709363	3.683816977967769	23.676400332585946	296.0653251465727	78.23708407593453	147.72983581475143	0.3823471020572359	0.01
4456.740960666309	6.518074852853556	13.72706710525742	170.7493710233768	137.37762777418357	160.04915503636892	0.33061472980112466	0.01
5013.933192856806	5.966650324148633	23.011484838806695	305.34976424354255	118.42878003190245	179.64299441662376	0.38309131735481605	0.01
4560.49527617897	3.9711690917911873	16.696555688406445	191.48548778213873	77.75621848881109	159.8734447847824	0.34188177567649536	0.01
4510.709173194715	3.7691670717839747	15.884117814271688	176.5937546136014	75.73353536403775	166.17391770464928	0.3369006877789896	0.01
4259.337485822232	3.9284797064986416	11.484729335108062	112.08400089251323	117.87775671906665	151.19369343284444	0.31129156982885897	0.01
4466.61473401077	2.7864126557880473	15.608046791183043	162.36690437157446	133.33327042964805	171.19120503980852	0.33211799057146985	0.01
5052.061749605569	6.50111787386739	23.233723359315018	314.7653103652063	122.20322064644789	166.53322091857484	0.38625142478392066	0.01
4383.960590243856	2.2936277517892307	14.483714812646868	141.16976422442454	73.3434522390489	162.62367527896134	0.3243710676322008	0.01
4797.960359979854	5.776179465460649	19.796448761394196	257.5658667741815	71.0722460533173	141.67247191063012	0.3653051904390406	0.01
4741.953904250752	4.033969202405094	19.598849400114144	237.58185742503315	112.98749917904985	142.67596216769766	0.359043773270945	0.01
4781.435698789526	4.241635096195669	20.099233861194346	246.01554821620758	123.86300548973341	157.92210378261188	0.3623016160361672	0.01
4392.436375603945	2.4252732348249437	14.582814541361019	143.97623565747088	118.01495599069472	162.01997300166158	0.3249658607592772	0.01
4276.479168830832	4.697116354444518	11.47315037410847	117.91832384900017	95.35330965169257	171.34918002321774	0.31281270962234287	0.01
4712.693739539661	2.308596862828592	19.92497969636013	224.05034550934437	128.31377509843244	166.0366589021432	0.3559366148219007	0.01
4713.2409934884	3.6161572268803113	19.32629620498742	227.2792077212457	94.91782624040486	170.2783107127053	0.35657629470261754	0.01
4296.104987110446	4.33051680849529	11.9704604644823	121.5147579814987	72.75735769329394	177.14533922486018	0.31491068005201056	0.01
4257.609261619255	3.7164575239429105	11.562907900533533	110.98625126190248	109.03681868106499	154.31152208192208	0.3111509528570409	0.01
4655.983775218628	3.4781292439260745	18.473875664706767	214.39221825319362	81.8747946965216	151.72899084636293	0.3514247299109868	0.01
4604.746776110411	2.889022925699668	17.972156881268337	200.64157784051235	93.52048581860149	157.5212790256119	0.3462405194463947	0.01
4437.249040849054	6.885640229262746	13.198074654046529	165.92804511605053	115.71589707571196	164.28350235665673	0.3287119181668877	0.01
4895.714546634217	2.7896721143619274	22.78287171339998	272.024454345165	80.28545746456052	170.93702857659082	0.37453613035838856	0.01
4632.456696066213	3.59338188160119	18.039233853352705	207.34022260345793	129.88152201572356	171.56955811895656	0.3481395115808621	0.01
4438.751034968091	5.7648923818281155	13.697522471163522	163.3190812351444	138.2399663617207	155.65586569836964	0.32897327186233777	0.01
5032.791361048655	3.0569880939363907	24.48388929074241	301.6218518407367	125.29542516989255	153.74163521034222	0.38466248639419165	0.01
4934.465059573112	3.5149505507919754	22.91097602485061	282.4978914438304	114.9024740366954	149.92567977518405	0.376663238972108	0.01
4679.354055227197	6.79311258785913	17.222120951206016	227.2835253383685	100.2480143609678	151.6083670533514	0.3528973093152807	0.01
4454.288297143246	5.420395854329133	14.149604831753097	167.81568665356897	71.95316446743271	144.3318405976967	0.3310962556272815	0.01
4408.138261845175	4.040887217721101	14.082042615432389	152.58072272190034	117.7104005067029	155.1986089370023	0.3263205787134999	0.01
4792.990072568203	6.302706222705323	19.425580415668968	254.42114345757068	111.04268919288612	174.67257851542772	0.3633918598541334	0.01
4255.721741960544	2.181283910410536	12.291250469096298	105.37627873854208	101.1129770780546	176.8837195437113	0.3111033939348911	0.01
4552.839894025966	5.877817952205228	15.555152614608932	192.50077101015648	79.2359471786067	159.3443130897344	0.3407880707110006	0.01
4415.027380799942	3.6041137432371064	14.321390460879954	151.33785321426984	115.31796857653707	162.8020578596506	0.3270442393108245	0.01
5044.6146539111	3.0630708605116945	24.954115060835488	309.8887400851775	85.67579792381459	142.41022886152882	0.38825566383717597	0.01
4870.993915197927	2.7345371395718105	22.121713425421753	262.49734824373184	139.54448481218253	153.96817296796723	0.3700022811556982	0.01
5027.957585711927	2.975482972779458	24.66053614617533	304.46324769990827	97.38017152636688	143.27738565569706	0.3860369751593678	0.01
5015.9939218822465	5.776331666466097	23.27586444880426	307.7440928633408	97.28944928304334	178.43276224669842	0.38446424469735974	0.01
4572.626854413974	4.775770292658242	16.497050640003554	195.05462407595613	74.3473218846857	175.19451733232344	0.34289413265037294	0.01
4353.753312962623	4.4588336439981	12.806074011833513	137.90945845289818	94.04522934825022	144.60325675107623	0.3209368035708288	0.01
4951.117012377546	5.070962632183024	22.585592552768556	290.68377748524466	82.92496465658051	175.48848923132493	0.37932906544107775	0.01
4516.748226446946	2.9807136798902754	16.374157178197308	177.51640304648902	85.75385972557162	151.73824212933604	0.3376414672980247	0.01
4623.3906675513435	6.751805092430553	16.340044798455107	213.9472447607394	97.43064479786699	145.16970155916164	0.34752826554388405	0.01
5014.994258256804	2.648236007536318	24.651329815323272	300.33490875706156	98.80658904637535	154.7472392299338	0.38472391725519883	0.01
4436.125816209841	2.465693915906292	15.244528294033357	155.2777894592842	129.36026314680487	150.65785732881318	0.32933100209447147	0.01
4640.148496224222	5.557444079131638	17.25061654480332	215.9357736442139	82.73741555902176	150.79398544269912	0.34953994452088544	0.01
4854.667909779463	6.918207925639328	20.009927089179474	270.2615559237453	114.50347510485068	160.13945817249828	0.3690696202623036	0.01
4894.76878221457	6.349061152560331	20.97939215647316	279.53753950901273	94.34930371078306	161.06105774254524	0.37355993236955437	0.01
5051.128542710338	3.463349173593871	24.68981699232003	307.4175873172358	110.88648340591183	171.1840784770691	0.38697445245721834	0.01
4441.424696517215	6.723924069699389	13.306011119150012	166.85160421261617	102.64631288133266	153.1171677412343	0.3293143309455155	0.01
4839.861251666695	4.9341943916678535	20.858572581032078	262.94640866229196	107.73718654211189	176.8098928013225	0.3679930807043138	0.01
4694.214643880356	5.694206999071496	18.03200913729221	229.87383954095083	73.01040796572168	141.17460248214354	0.3550989694638462	0.01
4527.657632520718	4.280948288978485	15.908137523190833	181.42088190518655	107.63375938032029	172.18961304560722	0.33814504928187106	0.01
4768.250474176766	3.2102194294153374	20.504986357759474	241.62677416572163	104.13879386092994	167.450597848112	0.36166367808274463	0.01
4402.665407901086	5.4498463026737145	13.174134814819146	152.84282822108847	72.75596801978561	148.86653291460067	0.3258031746148637	0.01
5094.81710663488	5.700979851352384	24.05888908869808	321.30380617348516	136.54105628445876	142.7144367114322	0.38913332554054747	0.01
4972.6020758891	5.9406912850944	22.459245814101017	297.46806596546946	109.61817581458737	170.1944261638991	0.37998003833499233	0.01
4627.952703856905	2.629686885541637	18.335221103413765	202.4999285391062	131.88083145001835	170.47617514351737	0.3478041633541119	0.01
5028.4917303180655	2.523384463609661	24.79785776996459	302.39151655117206	109.32185471266116	140.07634652811697	0.38541597228242197	0.01
4297.797072964191	5.17490243491167	11.586015146112118	126.22880991432937	139.90185964794284	144.94050669467705	0.3149754994644155	0.01
4744.153265436826	6.87528596956729	18.360549458131537	245.10389309114856	93.01215234167532	156.40167139698457	0.35926960781542905	0.01
4357.995722507012	2.9582360224509854	13.766107436702347	136.35146422433158	131.00732227264567	166.63480499251847	0.3213190621995715	0.01
4799.069688663745	2.713930440865517	21.242638914914785	250.14506393059867	84.99371656277327	140.34438611232733	0.3654245082417103	0.01
4686.512174786202	5.780906996802403	17.870469205491755	226.84099189607488	111.34428344029965	159.26555754750518	0.35346114257474137	0.01
4995.072123059676	3.9868773014565506	23.446040028161324	294.3638656343991	132.52971129617933	158.9238925812021	0.3809570064966075	0.01
4488.071610032479	4.222548468156242	15.289911882589	172.0468612025628	112.20070335619458	164.17837449557624	0.33424583700898164	0.01
4897.262865533566	3.891755753291807	22.15956805863904	273.77409197009393	122.34711049313329	162.0053115732587	0.3728848923549715	0.01
4613.591255426386	4.58942874252007	17.182421420955368	205.9772458045937	98.90470646216572	144.17269398335415	0.34687294309852923	0.01
4592.926082023258	2.5959163435952686	17.8290719827091	194.35329467627741	113.5699071760117	172.54630754728205	0.3447159973446592	0.01
4277.164967865052	2.806257192741249	12.376697031207932	112.88601997624065	74.87721124675747	176.60371978872593	0.3132513679700698	0.01
4313.442989205728	3.7639289235266196	12.542990863857899	125.61150710586256	77.48990788748384	165.66363559142746	0.3168603512860107	0.01
4197.063706548856	2.104350461561358	11.288135011540826	91.12593065939468	77.78957734947832	153.4636080204481	0.30529614717167713	0.01
4436.8367169996745	5.551094236310929	13.714143410608777	161.47509347558395	85.77489580854076	156.40197045300278	0.32913146501595575	0.01
4961.840536188794	5.379449014739091	22.809698381666813	297.00530596575595	72.35419863356556	178.1731666465457	0.3807800376897162	0.01
5081.206995201469	6.2417692872360995	23.851553686508883	323.5127409172847	106.60519474325321	142.73275238688234	0.3899563860351283	0.01
4754.828914634177	2.3415679632636293	20.572394069627265	235.24735298568183	107.44468904911875	152.63549985800455	0.36052145098970745	0.01
4437.93858868627	3.97336881243762	14.594385166130191	159.3801516639718	99.33011724662553	159.96696719746473	0.32940315014824006	0.01
4378.269462676051	2.2577544242294856	14.351965507724353	138.36932516179454	133.47323181918307	166.48738541243074	0.3234591286657212	0.01
4690.642451058746	3.9871897306768345	18.707225471198804	221.80356681753082	135.41024119431722	164.36510853970915	0.3535471616261511	0.01
4829.560950472292	5.863090471257843	20.239420316601063	263.285307772515	94.10842310325746	165.80819347413785	0.3674580007781962	0.01
4372.9770005290375	5.429535826930655	12.770825798128225	144.83669709744342	88.99796165856065	171.1345985865583	0.32255292479346953	0.01
4488.955607778598	5.4229065318532905	14.755401201652475	176.76997540227447	105.36491540742368	148.04521562134585	0.334313956203623	0.01
5001.791550563942	2.2296840645478735	24.508327756375618	294.30578688908554	119.54053616085662	151.28520714233838	0.38240834918031713	0.01
4393.019397173512	3.529861409617533	13.99652322697903	146.08559935221174	118.684282038454	157.3216756411061	0.324868136341444	0.01
4310.258463145456	5.374819060266283	11.720264719038651	128.37230933500783	128.7622976329733	169.46028255292273	0.31606278866857346	0.01
4528.5381240927545	6.58571201539483	14.818424398554951	187.2246539462036	89.15441580253118	170.97591838472238	0.338055276586717	0.01
4668.232307153435	6.9901897880565	16.958988334439297	224.84554952919675	75.19653374319157	156.4562388266944	0.3521783390827937	0.01
4999.945147331972	2.9141792098278496	24.1203137781822	294.79239074826063	121.99057043790108	153.45339145376664	0.38205630011467	0.01
4734.286791029279	4.3168610275652135	19.327582168639907	234.9373512102932	134.1605989458879	158.69227797566566	0.35765293459514375	0.01
4718.388958111598	4.643544901009147	18.932242488768964	232.9894227078796	110.30613391182679	146.9108990154784	0.3567675630724006	0.01
4792.568672383819	4.951212190132663	19.874816678415336	249.33379408787263	135.3943981624996	158.58835780405101	0.3629204520932782	0.01
4752.625907289269	4.908839836991407	19.445474657656227	241.1829117072166	80.27529368540684	176.7399639881982	0.3605118309182211	0.01
4452.841099025957	2.4644036301957866	15.511758145640492	158.75046979131866	85.75250052551078	158.76718000673281	0.33126524535939783	0.01
5017.270775396105	3.2443945255364413	24.226403208875844	297.81432711759277	124.14986449667879	176.72282775782722	0.38320539584795515	0.01
4402.622760476917	4.061041590248472	13.884828470878418	149.1172913771593	120.74620842643593	162.71395615440025	0.32569344357054536	0.01
4888.267086895979	2.727548633871615	22.62908464614893	270.76501222333957	85.20560020136355	148.19199263175418	0.3738132317443272	0.01
4540.722071002336	3.591700539833219	16.472360630019782	183.6098368706102	70.75962332415057	169.2568210991285	0.3399781500463938	0.01
4700.978912883369	2.0576300540341763	19.866782903671623	222.62751293222993	108.45955876998919	141.45202508206182	0.3555125858046191	0.01
4277.79075363305	4.005797407446535	11.732570603413654	115.46982552146953	87.23073830553984	166.39529139928433	0.31312968877750885	0.01
4984.232342176084	4.375530432459189	23.28919598636564	296.74157769177907	99.40634937229923	147.19541033338203	0.3818513542295883	0.01
4836.624701745223	2.1953644855207233	21.953212509869925	255.02052391005697	125.71754262268753	151.35227199973266	0.3675240188271746	0.01
4655.416321143387	4.621983755108847	17.83481578814914	215.60879233627244	111.5431282150524	152.04320643308074	0.35067259312556204	0.01
5080.731399493936	5.9883411712907275	24.03102582542044	321.7449051881942	106.2100149283045	170.72650115583326	0.3897192213290239	0.01
4931.532242671223	3.8029813009626663	22.927263119950172	284.1997069546831	84.32314239358406	169.20845827816117	0.3776218680437388	0.01
4772.656903475463	5.559574634209082	19.509613686873216	249.679767719523	89.87900145191405	160.55895421675766	0.3622329771673377	0.01
4790.150128699972	2.7341869872307942	20.988583073728513	245.05542114159	129.11698065908467	157.82624297099937	0.36309076026367576	0.01
4351.0432831570715	5.702853303613539	12.284840180005423	140.414105896146	107.4194854286543	166.52234883060564	0.320234572823929	0.01
4323.351850996513	2.929542486064499	13.122274671589553	125.96878551169377	136.74827456315688	169.19809278956586	0.31779362174112724	0.01
4932.962884890306	4.719678278416731	22.254975866913007	284.12634483284097	118.13612812891539	148.93306188044565	0.3763020422710072	0.01
4631.948303697495	6.7855659465346925	16.478877440647306	215.7080916287449	98.67260758975979	154.23991826552913	0.34827862187425873	0.01
4471.608266702616	3.171597297354758	15.544592511843556	167.08107054947553	117.3512887883152	146.77631275727498	0.3328606209988673	0.01
4953.099459449987	4.355409849763339	23.001261740357887	290.892115854315	77.24128473486957	165.84455453393505	0.3799372209265217	0.01
4227.6964437658735	2.121072912253783	11.869227264430794	99.62612321565545	133.55903418304638	160.10218598409824	0.3082987982972648	0.01
4475.638001067946	2.52336625609747	15.84002034698814	164.62307486718555	87.80337123243504	154.63819803061043	0.3335597576321042	0.01
4677.8042325432325	5.581701889735958	17.848302509340094	224.8474633654719	89.26323718198006	156.28672366749032	0.35308367868186363	0.01
4713.564474889716	6.055634102141469	18.154312602648623	234.7127584640783	83.1875988653734	147.57487687086518	0.35669332239804696	0.01
4326.917107089512	5.404527101633033	11.90786203043061	131.63277196486126	90.4429162204553	167.96960513416852	0.3178783723449374	0.01
4856.666089604421	4.960240149008801	20.965974633276126	266.54956507123387	130.86944153066145	152.62036965127425	0.3689147088979906	0.01
5092.885944794444	6.811074742277567	23.6888214852066	324.0688163959823	119.33505548774366	174.1278003456862	0.38983451208126835	0.01
4995.117358832318	5.25885500760508	23.383034341382846	305.0298526855894	71.21419606490954	172.0742878918126	0.3840410976258355	0.01
4427.28036927032	3.7961558232048707	14.530473272280895	155.89691903281363	88.58311431729663	170.75610864331662	0.32835261531940346	0.01
5022.141577533564	6.527478923407638	22.89879957834094	311.81408396855795	99.25441360856667	142.8825641973924	0.3851394692582013	0.01
4987.754673114057	6.473486994140777	22.59322043610889	304.1712466606235	80.37545232955004	177.62480090933641	0.3827043783630417	0.01
4903.688062755831	2.4746283359246273	23.010103287851855	274.5739351757912	80.53924394647244	142.44713791786745	0.3755341282806514	0.01
4527.887830748125	2.0447883162166636	16.981152082907393	175.49356614293487	127.9091114299397	179.02732513342144	0.3382303617256379	0.01
4544.32245862263	5.563665145102356	15.622079567230786	189.17360747640552	76.92914156534937	177.09909435345244	0.339884524007377	0.01
4518.327550419286	6.653773423744533	14.646023321134251	185.33377134511758	120.67449787592854	169.65245613175367	0.3367497926232691	0.01
4302.8571952355005	3.036951325670863	12.69457735520155	121.42057073139273	127.42578247660543	156.97841218148733	0.31581869261024736	0.01
4951.428996293421	3.4212228380426577	23.101929068135544	285.0526765121873	129.3793410533511	141.55053799171517	0.37754135736378347	0.01
4801.883474599645	5.545463351497883	19.998459876102423	256.0514119043758	90.88913262799394	173.0339399544415	0.3649098112144294	0.01
4908.649015973352	3.5126672225179165	22.651777052262347	277.8615540041426	95.74446960270166	160.15613534335517	0.37509239345197204	0.01
4469.259293896361	6.953080599248536	13.604242990717456	173.73937740108636	81.16449446730401	151.36452006141306	0.3322318020196386	0.01
5018.6159089606435	3.0562682497948686	24.391508245560086	298.8832575592725	116.53818524144286	172.40336133957456	0.38381948868552984	0.01
4504.845440955881	3.7256803104427574	15.795572401672239	175.62533500920694	97.2461270884033	155.25740064033766	0.33619317376302754	0.01
4453.095633017513	6.747076393691567	13.521374141453089	170.22353063016197	125.69001323725128	154.74282987075455	0.33032857933716636	0.01
4424.537202247536	3.3246353111004447	14.567153246958705	153.25758790970366	77.29862930789453	151.26031094859513	0.32836658733971513	0.01
4994.642017197597	6.323543640565944	22.703635096060694	306.13461393729807	84.60838405243706	154.1961717678214	0.38333042098480646	0.01
4386.197837724023	4.524995652633555	13.401455100913491	147.71759758725787	81.63393359779823	144.30182034352828	0.3242819144508415	0.01
4465.346754494014	3.596863086830782	15.300641001036364	165.00607357177583	131.80385917467652	179.66143877276014	0.3318191636030925	0.01
4725.125092043621	3.5047284212494416	19.677423030128985	232.51339551578442	98.82051317770255	159.00022345060833	0.3577272385854415	0.01
4952.720304306785	2.0246222266348783	23.748641870243578	278.69476992536005	129.07392126566927	176.79419867493667	0.37744128693677537	0.01
4843.022745529652	3.249796083260475	21.55015569721337	258.5076468287057	118.370827159764	158.4619846968393	0.3682207457787805	0.01
4889.170102918235	3.429731125598473	22.353436985702317	273.90421869501426	97.45999839026045	141.6379523324758	0.3733736864001167	0.01
4712.0210899591475	3.8026932930030064	19.123237853163147	226.99978351348398	126.8130738946146	155.84240428520332	0.3558245549189674	0.01
4500.347623646408	2.2897912157873304	16.479100373046734	172.46217433013393	124.31262996302263	151.1301863409497	0.33574179818591854	0.01
4592.307747015035	6.886524472776113	15.780981428518073	206.6155206375835	111.21920543141049	146.55460951189787	0.34426455109507514	0.01
4478.966146922233	2.0767166845004157	16.140075891159764	164.58062893004416	73.17163927527639	158.66486311522647	0.3340702037724147	0.01
4388.498680064287	6.489803668966852	12.442954108788095	151.0303855912852	95.47236603392511	158.33682480785197	0.3240025948375579	0.01
4412.15963223006	2.250620186184362	15.01444438442316	148.09688528723635	115.54263105581472	172.1674975867191	0.32691399023825746	0.01
4554.417647052638	3.7933806436641446	16.598510536801186	187.00812005495828	94.49043603715742	175.20283373218334	0.34099402660874173	0.01
4762.854050731345	3.3072002380214225	20.302578571298277	241.3617294316609	109.99788177635352	141.9803536038683	0.36117911109041384	0.01
4269.748762923048	2.112128018499109	12.619934235446747	111.70062860989523	113.05811338631644	151.97450643867137	0.31269314929335196	0.01
4701.829466010484	5.069097281508709	18.486172115557498	228.8656094197623	116.71014580940026	165.92754362759118	0.3548560508297975	0.01
4487.931774542281	2.319782250143742	16.15630281009152	167.10505150333307	72.603354832371	159.63779321133603	0.3349308578682882	0.01
4670.451698026577	3.901745668472926	18.453083837696898	217.04489386486208	129.38142674209817	165.53492346153075	0.3517676905112547	0.01
4895.727382428156	3.5803888212310273	22.06997639157787	269.6560260495399	135.818332459123	156.3073244679322	0.37225481550005174	0.01
4710.203402140104	3.6315332659013975	19.386470306741042	230.50355905219087	74.8218977622153	143.5312287119233	0.35692924852150365	0.01
4490.3938538269385	2.0275111668528654	16.401218741115308	166.45605667907782	106.7648649916167	179.988924825421	0.33475906083047047	0.01
4538.547454484913	4.763752114987869	15.905639306298811	188.11214938086002	134.96765222799644	145.30165797827271	0.3390535308632352	0.01
4732.689427569918	2.266737239921588	20.345048965985256	230.29813475311533	87.2376660111697	163.66802382627654	0.3588670071628487	0.01
4647.875368119506	4.018257348289641	18.010867783513334	212.74156354374628	126.40147705067555	148.21040936483774	0.3497953032036516	0.01
5006.531177284843	2.57725160275506	24.72783997088364	300.7927891929142	77.62399345559324	156.6399303559244	0.3851730757916819	0.01
4714.841939547852	3.9770963816276677	19.31098503379147	231.25567933667116	78.81166476801467	162.47321321702503	0.35710396256732596	0.01
4626.581875660258	4.3294076972407245	17.56301203826232	208.04272824569912	95.77413150772216	160.62395733908275	0.3481109786163851	0.01
4362.31443615578	4.870217533118886	12.90061180908282	142.6008237029189	118.51626858386905	155.15993522540313	0.32156037458816067	0.01
4621.078290798037	2.398894920374637	18.33422762628787	200.50881289046967	139.43263757631823	167.00533901583515	0.3470776837877516	0.01
5060.352911136815	5.812713149424236	23.991877356147263	319.1033332954614	86.50565557604118	177.32853870628753	0.3891132360070187	0.01
4557.767077874597	6.9543376349129975	15.192396187902386	197.9038163226995	95.56874345268818	152.1541221133551	0.3409821941554637	0.01
4966.429534754443	3.7905354825985342	23.19538842910042	287.94188681129424	127.46366937419388	169.37586369744142	0.3786845326934093	0.01
4624.204151899163	3.9743204254967455	17.689858016040812	207.5619348470035	85.96566981496701	147.30043035131007	0.3481834101963295	0.01
4840.760565245448	3.764049195408708	21.314061273664233	260.52184781930225	97.13340414070657	150.40342381177524	0.36877143283125213	0.01
4285.982580015039	5.076840509647344	11.366715837527098	120.81081522975774	75.68419963012644	160.1481286610452	0.31384002909904785	0.01
4429.243945011194	3.846294083861685	14.577264706795319	156.6626481625462	123.04747018554384	176.28909053758414	0.3282817310101774	0.01
4434.372346272328	3.372898139035308	14.777401510688872	155.4505290302874	121.85925680800497	170.6393577221367	0.32891858071355584	0.01
4355.830595831687	6.854740478253382	11.720095598592431	143.82036074832413	103.27066582751709	154.62863036151737	0.32061321363381906	0.01
4983.603218354628	4.75372294199287	22.92718671477185	294.21798294015343	126.8828525726172	154.11596227194454	0.3802828260136338	0.01
4371.874831604634	3.223534969829904	13.741643168238973	140.40323062849563	78.56356517994165	142.03704002436152	0.32308921425064296	0.01
4502.868742507421	2.999010045241728	16.199591898933758	173.04487080489432	87.49845809313484	178.37991032163671	0.336042043429267	0.01
4366.049464361359	5.179716722935902	12.721405459902153	143.8946637879748	87.44741320498707	141.39998869276093	0.3221070742460203	0.01
4553.022495878311	6.802302386637915	15.237890531658064	195.09503390748895	72.6050404829566	179.82080562212653	0.3405759936819117	0.01
4952.409044232594	2.2295262951008104	23.57054543718553	279.13074419854183	134.8208180080518	160.65339666850682	0.3772481940574547	0.01
4896.313331015525	6.373859518159372	20.822410254609537	277.16613092729807	138.50653991244235	162.0301340757578	0.3719821172254878	0.01
4780.0049531189925	2.7951058101575796	20.94619006332615	243.57068874384984	97.02851137131546	178.16663665412173	0.3629465219411337	0.01
4871.387897927751	3.019256426174322	22.03088122998742	263.35835655878645	132.15601128839404	160.92906532525078	0.3702534931969752	0.01
4844.638284936987	6.856030126095082	19.86798291315162	267.4118233071556	123.36600205439521	161.12814460690592	0.36785455938571426	0.01
4461.729767342624	5.231039651568392	14.284325021983452	167.13192476938838	81.28917228150067	155.5729157183511	0.3317399381957486	0.01
4389.783480105416	5.551553355934756	12.972765837381978	149.3518347691402	88.46191602241385	167.62260485827713	0.32426681997337164	0.01
4404.656078766065	2.4125050163497352	14.746449015270109	147.64370073100966	116.0829110122892	144.64352694576135	0.326328773227011	0.01
4600.893611912445	2.8665247900760176	17.77851836715252	197.20654729292482	118.59244496811773	158.8938196307637	0.34547769685125684	0.01
4387.70593544585	4.262899019978855	13.522471080997354	146.22616777230922	125.1583890658883	153.72804829791917	0.3242033220665969	0.01
4637.682868119548	3.26959754022268	18.222006957987166	208.9657120322432	139.53335028113787	145.0571075934433	0.34871357845190426	0.01
4798.031262190194	6.386127839135855	19.424569773482105	256.339572771388	112.69870674112482	159.33252433041264	0.3639278463735822	0.01
4640.231959975974	5.699982069046452	17.16683031852501	215.74590541191776	132.32264095331794	153.740049670844	0.348714145562893	0.01
4688.955556735855	2.8131383128720007	19.33624108561751	219.85832184323723	111.07849009477945	167.83156548660895	0.35401309953552756	0.01
4459.214524266061	6.418213178997478	13.784411858265477	169.32631568346076	81.45847464347284	178.2777223347726	0.3311172667309934	0.01
4355.196689273295	6.753885479036916	11.770443180550823	144.4908628814424	120.81060480869479	142.84914685147325	0.32058877921615847	0.01
4865.182824189279	4.601582646997844	21.314191701224136	267.41584682478907	127.24851909099297	166.0788837972492	0.3697296392572483	0.01
5003.2418796039665	6.342237010110665	22.865287243793656	308.8880839440777	77.45831239130995	153.05160558605058	0.38450469714875	0.01
5018.738872861127	6.142400018268697	22.919783439854644	308.19287330179105	119.10286577967072	145.08536804306203	0.38375417759538094	0.01
4578.920247815945	3.7089239481864094	17.159428835106297	195.08085323625596	85.71344702660893	172.18481784026432	0.3435688726766225	0.01
4350.160373444627	5.646136826431823	12.305774093964574	140.6677151488718	119.43376507226102	160.034396258273	0.32015721964582117	0.01
4702.789650715661	5.9896004467788275	18.064640587730953	231.28498552838562	77.46978756470372	166.91031843033866	0.3556221372549714	0.01
4293.816016220062	2.9593788514361075	12.499977573263049	118.29718330725801	71.13830853359656	149.2645499144452	0.3151310964161604	0.01
5022.055341628668	6.719734008271469	22.69798306994054	309.45348262295033	119.54291879493854	156.97833236616503	0.38388789178614935	0.01
4976.691421163091	4.215569288184558	23.431900629985	296.1462356896058	77.76363577046675	165.1739401600255	0.38214455645428697	0.01
4990.754828981064	3.3346583556116816	23.88089198976824	296.2332878081545	103.38660215527253	140.63086634785986	0.38236192281129805	0.01
4781.818532585091	5.316617768857473	19.748885930861796	252.07549383662953	90.16391910459821	145.96675440227884	0.36324613224144514	0.01
4948.429282409439	5.737322684265296	22.31385578848803	295.09150730736667	79.64503091111372	147.9826310103899	0.37936791305333045	0.01
4723.50440806178	6.977963483751474	18.010417977182946	239.2764317564727	106.13274595190916	176.06936177959955	0.35683318216439386	0.01
4270.437548663402	4.013138232352396	11.536998299173092	114.40372232920335	77.70121620678964	141.87202138742515	0.3125652144708442	0.01
4813.127253669487	4.759756666198035	20.39677752200751	253.91659699861242	109.5344395063311	179.77325152370253	0.3654445916185629	0.01
4841.855286130522	6.358391032932466	20.19678937754214	268.0778868518095	78.94735072111736	156.9803198482258	0.36912041653869676	0.01
4275.873357131099	3.5819613799723697	11.959793241599849	115.57428724095709	123.95440673380213	156.27252563597898	0.31299276478543986	0.01
4622.626404662741	3.335996693463878	18.01429774044551	205.72225225431217	95.35774588859633	155.62776107994443	0.34791293785195604	0.01
4955.351129926427	2.218109959999821	23.85611483721632	283.71140803688684	97.7138512540408	158.25120224024647	0.3794153853753061	0.01
4588.505626439876	6.695604983236218	15.853447109592349	204.60180787638348	103.52864240682051	163.8937766243751	0.3438873122036167	0.01
5028.410540400741	2.3983687416887	25.074152714695852	304.7964603000398	85.61806431832173	149.91055542770502	0.38678370038342624	0.01
4675.662188494066	2.1300586384266857	19.54022148099232	215.73721485297597	92.64381275260097	177.04542784755603	0.3531447174023606	0.01
4339.779271322076	6.510095718906829	11.654461544445788	138.19951285037476	91.10589132507305	171.98908854251187	0.31895923258673275	0.01
4453.78579265916	5.715959849779393	14.061587339665623	166.86215328065413	76.47880091223975	177.28364953163188	0.3307310994203277	0.01
4878.458320073381	6.211745933156988	20.681166400529342	274.44370826340645	121.5554461145632	149.7390555902582	0.3711417150985685	0.01
4867.866242859948	4.223675367619844	21.372954079640618	264.13490848547724	135.92051312599185	171.34813165809857	0.36962767399424445	0.01
4969.942300044694	2.6607895410106868	24.05204590206741	290.2961721508369	92.75445385140921	169.49768782710984	0.38086934625357755	0.01
4462.053151883117	3.1707396793806026	15.439780164111852	163.7014719742807	107.8232380664598	170.64457204798853	0.33181413934424436	0.01
4808.128530175849	6.055640282860887	19.787455560008777	259.8716799899944	83.41413104574379	144.42407956853054	0.36587726073512983	0.01
4988.420789782556	3.3479977210142335	23.97086474446631	295.0345088360017	95.16812376367119	177.45398742070682	0.3822969127562349	0.01
4398.515138632116	5.9535230670977635	12.877433339644885	153.78015760612473	111.77792936103484	140.7444264302984	0.3251601354786359	0.01
4583.8708910213845	4.503508407967171	16.745913989256348	198.63106474107965	136.0543106923093	142.00305033880545	0.34349448435281965	0.01
4231.465016411366	2.5290059156953637	11.689358205596676	100.05760736398021	98.04448765636583	170.72512011140822	0.3086018805393042	0.01
4628.315088691578	4.871785961686233	17.34382938295551	208.70077397929035	88.51795970995735	177.20442164421272	0.34819328510292585	0.01
4618.417882998288	4.229808431365231	17.431960925670122	206.35148180532022	127.53562961875764	143.1643983888043	0.34696720111018814	0.01
4824.8265443045275	3.265090908347865	21.234319233690968	255.0879986022417	119.08604258861513	141.92659453637165	0.36666341052262635	0.01
4839.531363320145	3.5502374955370564	21.421509199924667	259.8114120540946	95.42988081780815	154.39942404873707	0.3687081202535414	0.01
4416.891356676599	2.5651784596864164	14.926147734646186	149.44628310339127	103.0589263552772	176.90535177503733	0.32738130572735424	0.01
4851.801814489132	3.7042157360803394	21.572970684707023	262.08628969271615	94.92206933604486	174.63028186542866	0.369702546053453	0.01
4859.323024315428	2.765689330557711	22.20869657733586	264.75810730964855	75.0944864956416	148.44592175479374	0.3714579133947881	0.01
4792.7061108601365	3.3692936643358102	20.86085188905921	249.28710570665976	77.02881976894278	158.66864120769748	0.36483086491848554	0.01
4984.105197548902	5.649859520388307	22.954923404496043	302.5443841672429	78.65021708472325	167.7181036069862	0.3826162868878025	0.01
4833.644350885523	3.6555226764903033	21.24671674640649	256.940980552941	112.63707324308842	170.14443155644864	0.3674311067422287	0.01
4988.456504449639	4.328197520143381	23.186919068792207	295.1326354646073	126.23016792539867	140.07316711933981	0.38087660821865504	0.01
4347.024788718035	2.442091145024124	13.679043494576813	130.9117743330203	87.85607532986181	153.4540793886433	0.32057917216015286	0.01
4926.862775090503	5.97267038336439	21.577174966145858	285.9731053066822	106.96603000946271	147.54726445402025	0.3761530118703726	0.01
4477.907510564633	5.718011471501871	14.48209812754184	173.09327389706863	96.68634660541333	179.72596483978853	0.33300115309576195	0.01
4939.3875748558185	4.898192362305565	22.521485523135233	289.00874496789174	73.10237828593974	163.1932448905877	0.378790306527883	0.01
4437.521371427945	5.25462174876702	13.919513116655231	161.37205543127234	107.4612720993403	161.21608204670682	0.32908380438200946	0.01
4244.425141289031	2.4138464088088307	11.916542717841802	102.81294995630557	71.80927759940909	165.22766721979355	0.3100457179327345	0.01
4548.531149184298	4.574743883003958	16.21791057608913	188.77919464620453	84.51766167723956	176.28219544355167	0.34039179341404735	0.01
4467.4311881094445	2.168522741881425	15.877074088411073	162.62798620423646	109.33854641388818	142.791959377085	0.3327006195532873	0.01
4252.33966990805	3.5474208427606477	11.593267873121706	110.20813786379973	134.5382188783251	148.9628232817418	0.3106280750815459	0.01
4410.351219049185	5.37075804268415	13.447299167327722	155.22003487655843	128.49955667266056	162.24725247199873	0.326211578795001	0.01
4544.833085430061	4.618470672309412	16.08168556772241	189.182511559987	115.5729866634716	148.33678450550872	0.3398766163140657	0.01
4996.004376540279	3.0845844657927812	24.08452908187224	295.36792087583717	109.39249232510618	161.2609574142708	0.3823457466154146	0.01
4753.369436884204	6.0358305951742555	18.957562323580994	244.8007230661977	107.24991326008535	174.11199437393196	0.3597876204729244	0.01
4289.574758367759	4.905497162789319	11.606334425265398	123.02665596577637	131.64089600543093	157.0587501402635	0.31412413716294474	0.01
4635.73217452015	4.221236748726563	17.732455616524128	210.33286648420875	110.7703032659048	150.23922558399613	0.34885181320607134	0.01
4696.595572111831	3.3958232988713832	19.15833916247848	223.90751792494825	86.51033915163853	153.0304973346337	0.35530886899432956	0.01
4366.022075329319	2.121888526235339	14.169822347650546	135.59963246266653	110.90380547225247	149.03824271182424	0.32248854532755966	0.01
5068.2648877585425	6.648878745897189	23.630690372676007	322.7402816963736	88.85388507851127	161.7720882616649	0.38974044140902975	0.01
4851.173706081151	5.9789655869668845	20.399868327001116	266.8123327716411	129.03802389428046	164.70165642780012	0.36830530021856783	0.01
4960.476943936806	2.0658081241323942	24.19615288756889	286.8699496098559	72.61862887638667	167.17844761227153	0.38111279248607993	0.01
4888.584768941165	4.090577471642241	22.142918270900708	276.27840861351683	71.05293622568317	153.0509750303657	0.37421001446939267	0.01
4866.657985731231	3.3913283246501362	21.82999352034276	263.14154754673376	123.85657611929817	171.2315187705521	0.3700427489819952	0.01
5138.25022265925	6.569943733548857	24.489489221774868	334.0975249366851	113.48328752124621	171.9442316223413	0.394114286928282	0.01
4561.306658422493	3.806392311997414	16.83682877768634	190.71853400722156	75.89893823053399	177.55474590862826	0.34188582990668054	0.01
4872.472678657991	6.0749922579253495	20.650953952161075	270.62808367558256	139.8189861786458	176.52101945516154	0.36972531319036156	0.01
4636.962561339816	3.8006591718748304	17.981468039539457	210.00495609793376	101.93545678132793	151.32687581534475	0.3491687225049384	0.01
4951.273118190362	6.861301272120286	21.540114137058456	291.87512227708675	139.5179374854837	174.30463762670172	0.3766024863897253	0.01
4997.126834917081	5.8620617300946245	22.90975872350504	305.01618393709055	95.23168440380773	151.4108623443478	0.3830775082379969	0.01
4706.312119842454	5.375717821276421	18.4124556631154	230.2148733372705	115.13584078536512	172.31996057480004	0.35522931087307164	0.01
4229.010752805007	2.831637751308728	11.571858357373877	103.391573210983	130.14927973167062	143.01246239192935	0.3084274216007076	0.01
4982.286151496925	2.930180677502954	24.22130554360554	296.66098583426543	70.03810671011131	154.6216592791693	0.3832991346684324	0.01
4738.187317214491	3.1643322899932755	19.896186204892583	231.16064434319298	124.36428250260099	175.2476437687463	0.3582482235154241	0.01
4565.786126742406	4.171368351393017	16.693315441222992	192.61395935833698	132.1404117716935	169.18349234061765	0.3416380759164216	0.01
4270.83474279736	3.0050537013859193	12.135691349502636	112.80311031170326	90.87638586022106	154.43759961345728	0.3126776678885126	0.01
4780.2949112377055	6.21065371091412	19.265793294704306	252.66630656360036	95.23945543897308	154.21293328534432	0.3627878537694118	0.01
5003.489367521711	2.3077669038101556	24.722374738515217	297.5115719640031	92.83606685705577	163.88855190640535	0.383989501467337	0.01
4968.3266698363805	4.4984388264395285	23.041091992555284	292.41525053311096	98.82968855030921	170.61488861503497	0.38024034032760134	0.01
4820.376780636763	4.82245192414628	20.61928252644177	260.1884124963239	90.38731804565006	151.24126697913897	0.36694107276806365	0.01
5015.707804572449	5.112837717763086	23.470517326672198	307.05997595561814	107.01855458505929	141.4036020723295	0.3842510807977282	0.01
4640.895858665518	3.49690347438097	18.214053655246843	210.57456735071833	92.41794855215284	152.12437947967118	0.34975220967446063	0.01
4247.847535813359	2.7027199455785778	12.00292691773708	106.40270674058154	118.81668501332125	173.71409075743261	0.3101845461604908	0.01
4769.209681758812	4.858128831137945	19.683330457725766	244.87135317270602	95.63726203973089	168.78198539567745	0.3617775520479572	0.01
4788.187240383114	3.6546680201875175	20.634007332351917	249.3750420812313	70.70746477819914	148.14531066512578	0.36461795862539387	0.01
5072.782601311935	4.226002147383989	24.614337505221197	313.28609792659677	111.14686198401621	174.86300416720906	0.3887599816223551	0.01
4229.3567437992515	2.5900312078602314	11.547384050040748	100.00722651543455	77.57985940315695	150.55512446177843	0.3085506491913137	0.01
4428.177634731934	2.096003396791719	15.30632096863655	152.67813477682773	117.55686895206621	150.29661747527916	0.3286840359419184	0.01
4950.114529219406	4.550107238164869	22.55397677632085	285.39103190185295	132.2116967532183	170.29106973193677	0.37698893045009163	0.01
4581.69315281004	6.264416959040105	15.986431681573185	202.0346620349836	113.79893240076485	169.81086931634601	0.34311259061930327	0.01
4720.298713127319	2.3888812135102526	20.002680467101136	226.23935114471902	123.66769083514859	162.98834124766168	0.3567743755266764	0.01
4997.054874833569	5.3519692697369	23.192059459435747	304.87755520598887	90.02257374389228	145.76087410965778	0.3834339768852361	0.01
4468.132471904821	2.9101189237100997	15.643274685662934	165.5568284119786	121.21058092763231	153.4847498930846	0.3324770092796591	0.01
4805.112137404433	5.685266636314015	19.925982934402672	256.0258346966381	113.00271771585084	175.8039261238764	0.3645261318688935	0.01
4656.664205468667	6.863661166153362	16.850060577873965	221.41439638414442	107.99997635539742	163.37869741654214	0.3504648725683597	0.01
4465.791431123733	2.7217386436590676	15.594077199689925	162.54730200369312	120.07645432543863	157.70607590123745	0.3322532177177736	0.01
4349.896512013534	6.817667778195781	11.707089905113973	142.20292027393015	120.13630727285667	168.8078160069726	0.3198600230769622	0.01
4582.504632173232	5.787812201771539	16.087484581832534	199.58533596147956	76.78348190801427	161.43111686500282	0.3437836491614001	0.01
4535.372856139363	2.4255788123394706	16.97663674521289	180.7129549380653	138.55946512711347	159.30858487022138	0.3389285049808992	0.01
5015.90828278769	6.889444401101367	22.492233849731413	306.4241845142288	130.93875967475213	176.8225233031403	0.3825566525962679	0.01
5022.504610968738	2.322506265229119	25.072023433937357	302.6269207462764	84.67686392663684	168.99411610006996	0.3861559331916224	0.01
4762.329973715505	3.444611499678257	20.35187417989621	242.1687728555545	74.2801656722234	160.08449343644193	0.36194190119289843	0.01
4564.226783915285	2.212847340983396	17.572352873561833	186.74232620818384	127.0599645274001	172.53449251256563	0.3417965289149556	0.01
4949.027690410121	6.101630811514842	21.791558605401868	289.0433434445285	124.14111938046435	165.68008733121175	0.3772232161820605	0.01
4641.111145767631	5.254458901034825	17.488164909989592	214.60758618472232	77.93500617505916	178.22038129693362	0.3495599671254778	0.01
4322.592371481857	3.3232587024531677	12.863936057679169	125.20189185273081	89.98487245731383	178.03876521853567	0.3177494381078869	0.01
4317.949675398222	5.800339654240057	11.688875165423363	131.6686020048553	96.58986889962623	174.7195766096545	0.316824275450894	0.01
4830.0546543402725	2.5887771052192514	21.6585032942358	253.8257980871837	128.00822083607696	157.8942323567468	0.36676385270728695	0.01
4969.960090459407	6.680488673730032	21.927859574762557	298.5405324277114	121.00036640416538	141.4986697315284	0.3793815686431483	0.01
4670.327405291133	2.0683987382653095	19.432640452445685	214.81698133792727	103.21238063508366	159.23002539004068	0.35255332426173736	0.01
4419.746526678029	4.038853001212281	14.265508494608849	154.2735980527317	77.64217182093603	169.8991763296789	0.32762057708392095	0.01
4511.7113343179635	2.2417874425008155	16.664813747712092	175.5968291016549	88.32561914570101	141.2025098900579	0.33730883557153557	0.01
4910.328235044679	3.470576689498173	22.46423898405359	274.1106321718603	113.58574414473208	163.85047484588387	0.37444752507895235	0.01
4768.473953977467	2.5989833861533587	20.695003640265803	239.2646682952946	93.98284452154545	157.39014915667673	0.362121924049535	0.01
4914.365493902114	2.2328504258482167	23.11035993550209	273.36040274618364	116.004670836706	146.09274302237628	0.37494301318021217	0.01
4807.575468698577	4.8780820706828045	20.384340142978925	256.93711836563216	94.81340918536083	153.92761550581463	0.36556216827805793	0.01
4800.3873178581625	6.310794998592814	19.581342473526096	258.09272600631465	75.28414470800466	159.32800706318568	0.36521596875645224	0.01
5060.77191655479	4.109842479707639	24.91560420162352	317.2166518618266	80.86669547440943	173.17846423034598	0.38969087584337814	0.01
4700.531933016022	2.0509972539456105	19.959543629644763	222.5778113752988	82.0473530851203	160.90075190380026	0.3559239514330688	0.01
4403.014039671839	5.909070615854491	13.054548880264006	153.94163801027366	123.57346995973452	168.8901761144685	0.3253636535859867	0.01
4881.776715636031	3.3202364066074943	22.05921569034063	267.66822207168326	119.89252510614403	148.15670068855366	0.37175243806714214	0.01
4806.5438914593105	2.6885948387773793	21.32178818885443	249.5697784116107	111.49685903470123	159.9557529962515	0.36514127940120233	0.01
4875.295542512682	5.8856532498607255	20.888957574577514	274.2297230662983	99.32354602014927	154.07446356505062	0.3716620929851918	0.01
4375.929504118984	5.157201086029975	12.973567207300857	146.20723912287292	114.40585281679397	158.83806331012363	0.3228775334165282	0.01
4582.048012931666	4.715670086274935	16.645189039570816	197.9752059181849	71.62400248053505	158.54855502566005	0.34400038922839266	0.01
4837.958569372705	5.233267642623285	20.77345659224403	264.4405602761356	78.6311786695157	178.9843289787297	0.368736706292722	0.01
4597.730046511791	3.9317460495102368	17.313945476715066	200.34431430202102	101.1565538909081	161.64500434431847	0.3452537933182851	0.01
4742.041738809993	6.702784512272398	18.376413939523797	244.4150821791115	108.80216385813088	146.27409979413957	0.35880585989874914	0.01
4319.378660312129	3.9478145880448268	12.629061343388953	128.63762982282373	139.87425363404145	166.32065244496238	0.31722579943185225	0.01
4947.338264905904	6.98812358157346	21.6888785668369	296.07107958104876	79.24893660424657	167.79495497498002	0.37898677949479703	0.01
5052.845124646489	6.9760917277587735	23.103403822359326	318.45021340929395	104.7902236445776	152.60861450469943	0.3874507606738525	0.01
4990.443851236637	5.447173034166504	23.064625993933753	301.4993112865964	96.87023092226097	177.04922123741113	0.3822144610576796	0.01
4715.5858077608245	2.51621908797957	19.956578414918084	226.91394794781644	80.2355291934076	162.21529987603296	0.3573562017194398	0.01
4862.544559317223	3.9450499853323593	21.769215776776406	269.5225621162814	78.97290149093203	148.35642257969084	0.3714730514750611	0.01
4949.189916733168	6.6140790579959186	21.634872470154438	290.9961539253174	138.93950891035473	173.7602174165352	0.37646497652142796	0.01
4900.964773227458	6.832008409439746	21.03126010881751	283.78332922720244	89.73872459288259	178.02879503729758	0.37413247670622296	0.01
4644.238122116578	4.656574437939835	17.659117487899874	213.14233874876072	91.7905686413066	154.13072738497928	0.3499053259422846	0.01
4852.517126015681	6.751289551943409	20.200164629402423	271.2789792072217	70.6174823286309	165.55889030973904	0.3703032973336433	0.01
5019.181148395843	5.746552454765162	23.33944799425635	310.23017819401576	89.9456554101628	154.58451910433612	0.38535403082035596	0.01
4330.325975142604	3.2851506370106245	13.09785547160674	129.93020748418013	105.97968723436668	158.87458704987216	0.3186207335836907	0.01
4571.648563430166	3.6237538935074696	16.955255140382803	190.90557916337175	115.3270994466132	173.4782344379899	0.3424669534559498	0.01
4256.127376168828	2.7360490289464545	12.037029394305748	108.16768903417021	76.9305508175355	161.48850684641877	0.3112027749299228	0.01
4715.212786285865	2.522482221806256	19.85716815769996	225.70849500941165	118.10063778000999	157.85115458069123	0.35645567854452687	0.01
4546.864195391381	5.027074362769152	15.899478859978894	190.5853619505282	134.44157596023092	144.86404856543498	0.3398353250797137	0.01
4748.143570234589	2.8923397185209794	20.152541870751474	234.98602243630845	109.88385900782028	141.5312988577645	0.3598479074799651	0.01
4368.072083227013	3.995648561770365	13.313438134120416	141.27969253470343	118.50041016152173	142.8190732845381	0.3223806290089096	0.01
4795.937439776528	5.096700249553033	20.166775821482016	254.94259776399878	73.76201112617984	165.14234868436534	0.3649532650643996	0.01
4582.078818332037	4.008121656363906	17.042323376945323	196.40685130520052	93.63566265808109	169.0002085997145	0.343752379515977	0.01
4446.262736111082	4.169937838997264	14.598064396907239	162.3261600123405	102.60146397798148	146.64238021959255	0.3302790282512123	0.01
4453.529426544205	2.2564354681693803	15.599679175966731	159.20532239844172	82.299143662746	143.730230382867	0.3315035871113799	0.01
4703.0328890239225	6.409201229242189	17.8561859087501	231.74158496767106	79.99968810774368	172.23290445685157	0.35549378583196056	0.01
4426.85854467393	4.527409213662722	14.14439765319846	157.9962320069563	126.75130439742668	158.19017097438706	0.3280395853262318	0.01
4760.840820520532	4.022687341060958	20.00109513003677	242.6078238688161	80.10345779240534	156.86276017118536	0.3615847714530836	0.01
4758.938213240576	3.9628620956482834	19.979419963766997	242.0955900552851	85.15711772564191	151.4417748937252	0.36131653084921245	0.01
4995.025561080772	4.709939268439744	23.3920662071796	300.6015639362709	85.70538912467333	160.2307833516325	0.3834211960402846	0.01
4510.41548439639	3.837468833135871	15.8381201531175	177.03107099497976	106.30802105721517	159.44743789377918	0.3366124419554389	0.01
4551.767691639284	3.354657667959287	16.774634451876455	185.88688877771511	106.69009888455079	169.27499519904626	0.34069702033082294	0.01
4489.60841437167	6.863972735131894	14.046478369823886	178.70875394774063	108.7289222601552	163.34794154361694	0.3340085608822487	0.01
4507.084373331732	3.653296400095627	15.873522844455081	176.0120075377172	98.84807088243201	156.59700071806176	0.33640306861046804	0.01
5000.808300008073	5.502881006562811	23.081442176705803	303.404588610483	108.91515667553284	161.16227082145167	0.3826359169988564	0.01
4409.34332991825	5.903559962872279	13.13137012875032	156.2704377976416	128.63715019824537	152.63320600954583	0.3260901653870913	0.01
4705.900198512034	2.608454859197453	19.698237874318153	222.88136536389618	121.36254535375213	174.38872028868406	0.35536459636785744	0.01
4577.448430046975	5.846589905403298	15.946839518759004	199.51395631997238	129.37787215254042	140.59712536618468	0.34278494412289345	0.01
4840.513178288547	2.6005609212933023	22.019982371037518	259.1458526242581	78.87493919403877	163.84786041100259	0.3694255291521927	0.01
4868.407186549073	2.2128033646123892	22.657863719380227	266.4095940450448	71.13800634058349	146.91795479178018	0.3725625414315648	0.01
4404.110015918326	4.625375817879386	13.764137047516709	152.2505251430602	136.69743704333138	170.23968901287444	0.32560896825903557	0.01
4329.505141916774	6.2171535173397	11.56885510606242	136.06748938887702	84.65437664984972	145.23712239574212	0.31816888332766274	0.01
4953.973679507719	2.4217268504615888	23.750843417545973	284.52090969623725	92.57787143831912	152.45642403778214	0.3795763616948239	0.01
4777.442212005891	3.219513853849086	20.642729574746653	243.16514843545886	109.8330004449058	175.90841415153284	0.3622990535621745	0.01
4900.314614251031	2.1533133113377865	22.941545288530758	268.11628176063704	126.22744571788564	171.353026658785	0.3730346739211593	0.01
4673.230261828375	2.3784117129831417	19.361166509891163	216.07912606842908	86.5985533407448	168.12479665653336	0.35306387347626955	0.01
5011.535077435722	4.243329189762211	23.979101378983835	303.98360228517413	76.41340746803027	175.27680335989277	0.3853852332660145	0.01
5059.0316778104	6.438909525864697	23.337016478282194	316.60125119756935	122.62880066445818	154.83485758266514	0.3869238103934404	0.01
4790.307639919776	4.75454497873494	19.94805189303558	248.98089974715788	128.42688678589303	153.1677333189213	0.36297649472605337	0.01
4411.427120725402	4.9564344500425594	13.704345757881397	154.1951964192195	124.26667763449595	174.84672150726533	0.3263208525436176	0.01
4537.764089441162	3.382752549615368	16.49976075614774	183.2516277191744	78.70654852432737	152.5515821721281	0.33974686204124566	0.01
4794.989599806322	3.6270109481310784	20.627806637891336	248.87571667306432	114.34619911864871	148.4774330246401	0.36397331170236974	0.01
