-3.95
-3.7
-3.2
-3.85
-5.65
-6.6
-6.1
-4.05
-3.0
-3.0
-4.5
-4.95
-3.15
-3.1
-4.9
-6.3
-4.05
-4.4
-5.4
-6.5
-5.65
-6.25
-4.15
-6.6
-4.3
-4.75
-5.6
-2.95
-5.0
-6.5
-6.65
-2.85
-5.2
-6.55
-2.95
-6.15
-4.75
-6.65
-5.05
-2.8
-5.2
-5.65
-4.2
-3.7
-4.9
-3.5
-3.4
-6.8
-6.5
-3.6
-2.9
-5.25
-4.0
-5.65
-3.75
-5.55
-6.5
-6.55
-4.9
-6.75
-3.45
-4.85
-6.75
-3.5
-3.65
-5.6
-2.75
-5.75
-5.0
-6.55
-5.5
-6.0
-5.1
-5.35
-3.45
-4.55
-4.0
-3.35
-3.9
-6.6
-6.15
-2.8
-6.0
-4.85
-6.75
-6.15
-4.65
-5.0
-3.65
-4.6
-2.85
-6.0
-5.0
-3.95
-6.1
-6.7
-6.35
-5.4
-5.65
-4.0
-6.6
-5.1
-3.05
-4.45
-3.2
-5.75
-4.55
-5.45
-3.2
-5.2
-3.3
-3.85
-3.85
-4.8
-5.1
-6.1
-6.8
-5.9
-4.85
-6.8
-4.95
-6.4
-3.5
-4.1
-4.85
-4.0
-2.95
-2.8
-3.0
-4.45
-4.6
-4.95
-6.05
-4.3
-4.5
-3.05
-6.1
-5.0
-6.15
-5.45
-4.7
-3.95
-5.9
-6.2
-3.5
-3.55
-6.65
-3.1
-3.85
-5.35
-3.2
-5.35
-4.75
-3.7
-6.05
-6.3
-5.0
-6.1
-6.55
-3.45
-3.5
-3.45
-5.15
-5.2
-2.7
-3.55
-4.2
-6.05
-6.15
-5.35
-4.05
-5.1
-4.0
-6.3
-3.15
-6.1
-6.05
-6.55
-5.45
-4.9
-6.15
-6.1
-6.55
-6.0
-3.2
-3.6
-3.95
-3.5
-5.95
-5.25
-3.25
-3.5
-3.5
-4.15
-4.05
-6.65
-3.65
-4.7
-2.9
-3.9
